faceanim:3
32
0.332500
0.334900
0.513323
0.512029
0.433750
0.567233
0.413510
0.585900
09 E_01 å˚_Å©Å® (ÅPÅ\ÅP)
0.000000
1 0.421605 0.324281 -0.020889 0.013960 0.839122 0.821924 0.000000
1 0.578395 0.324281 0.020889 0.013960 0.839122 0.821924 0.000000
1 0.448857 0.400309 -0.006000 0.000000 0.432330 0.328769 0.000000
1 0.546145 0.398254 0.006000 0.000000 0.431899 0.328769 0.000000
1 0.376703 0.396945 -0.025408 0.034602 0.897119 1.013503 16.333954
1 0.623297 0.396945 0.025408 0.034602 0.897119 1.013503 -16.333954
0 0.442039 0.324281 0.000000 0.000000 0.839122 0.821924 0.000000
0 0.609863 0.324281 0.000000 0.000000 0.839122 0.821924 0.000000
0 0.298206 0.488665 0.000000 0.000000 0.898750 0.821924 0.000000
0 0.747578 0.488665 0.000000 0.000000 0.898750 0.821924 0.000000
0 0.298206 0.488665 0.000000 0.000000 0.898750 0.821924 0.000000
0 0.747578 0.488665 0.000000 0.000000 0.898750 0.821924 0.000000
0 0.298206 0.488665 0.000000 0.000000 0.898750 0.821924 0.000000
0 0.747578 0.488665 0.000000 0.000000 0.898750 0.821924 0.000000
0 0.298206 0.488665 0.000000 0.000000 0.898750 0.821924 0.000000
0 0.747578 0.488665 0.000000 0.000000 0.898750 0.821924 0.000000
09 E_02 å˚_Å®Å© (ÅP-ÅP)
0.000000
1 0.454594 0.326443 0.031334 -0.001540 1.265236 0.503584 0.000000
1 0.545406 0.326443 -0.031334 -0.001540 1.265236 0.503584 0.000000
1 0.369444 0.390025 0.012704 -0.003460 0.614810 1.117365 15.027227
1 0.630556 0.390025 -0.012704 -0.003460 0.614810 1.117365 -15.027222
0 0.442039 0.324281 0.000000 0.000000 0.839122 0.821924 0.000000
0 0.609863 0.324281 0.000000 0.000000 0.839122 0.821924 0.000000
0 0.442039 0.324281 0.000000 0.000000 0.839122 0.821924 0.000000
0 0.609863 0.324281 0.000000 0.000000 0.839122 0.821924 0.000000
0 0.298206 0.488665 0.000000 0.000000 0.898750 0.821924 0.000000
0 0.747578 0.488665 0.000000 0.000000 0.898750 0.821924 0.000000
0 0.298206 0.488665 0.000000 0.000000 0.898750 0.821924 0.000000
0 0.747578 0.488665 0.000000 0.000000 0.898750 0.821924 0.000000
0 0.298206 0.488665 0.000000 0.000000 0.898750 0.821924 0.000000
0 0.747578 0.488665 0.000000 0.000000 0.898750 0.821924 0.000000
0 0.298206 0.488665 0.000000 0.000000 0.898750 0.821924 0.000000
0 0.747578 0.488665 0.000000 0.000000 0.898750 0.821924 0.000000
13 E_03 èŒ_01 (Å‹Å§Å‹)
-0.060000
1 0.389139 0.365377 -0.020000 0.035000 1.104377 1.397269 20.000000
1 0.610256 0.373597 0.020000 0.032500 1.109130 1.397269 -20.000000
1 0.449989 0.258528 0.007500 -0.020000 1.507482 0.904115 -70.000000
1 0.565267 0.258528 -0.007500 -0.022000 1.507482 0.904115 70.000000
2 0.475873 0.307842 -0.020000 0.015000 0.679574 0.821924 -30.000000
2 0.518347 0.307842 0.020000 0.015000 0.679574 0.821924 30.000000
3 0.487977 0.332500 -0.022500 -0.007500 0.667415 0.739731 -50.000000
3 0.508834 0.332500 0.022500 -0.010000 0.667415 0.739731 50.000000
1 0.409702 0.488665 0.000000 0.012500 0.898750 0.328769 0.000000
1 0.590298 0.488665 0.000000 0.012500 0.898750 0.328769 0.000000
1 0.364410 0.531816 0.005000 -0.005000 0.456759 0.328769 -40.000000
1 0.631425 0.521542 -0.005000 -0.002500 0.455052 0.328769 40.000000
1 0.361334 0.513323 -0.005000 -0.002500 0.907328 0.821924 0.000000
1 0.635575 0.503049 0.005000 -0.002500 0.903796 0.821924 0.000000
1 0.448857 0.400309 -0.004555 0.000000 0.432330 0.328769 0.000000
1 0.551143 0.400309 0.004555 0.000000 0.432330 0.328769 0.000000
09 E_04 å˚_Å´Å™ (ÅPmÅP)
0.000000
1 0.502007 0.351968 0.000000 -0.012190 0.928412 0.407281 -1.306715
1 0.497993 0.298334 0.007260 0.017221 0.896615 0.745799 0.653351
0 0.442039 0.324281 0.000000 0.000000 0.839122 0.821924 0.000000
0 0.609863 0.324281 0.000000 0.000000 0.839122 0.821924 0.000000
0 0.442039 0.324281 0.000000 0.000000 0.839122 0.821924 0.000000
0 0.609863 0.324281 0.000000 0.000000 0.839122 0.821924 0.000000
0 0.442039 0.324281 0.000000 0.000000 0.839122 0.821924 0.000000
0 0.609863 0.324281 0.000000 0.000000 0.839122 0.821924 0.000000
0 0.298207 0.488665 0.000000 0.000000 0.898748 0.821924 0.000000
0 0.747578 0.488665 0.000000 0.000000 0.898748 0.821924 0.000000
0 0.298207 0.488665 0.000000 0.000000 0.898748 0.821924 0.000000
0 0.747578 0.488665 0.000000 0.000000 0.898748 0.821924 0.000000
0 0.298207 0.488665 0.000000 0.000000 0.898748 0.821924 0.000000
0 0.747578 0.488665 0.000000 0.000000 0.898748 0.821924 0.000000
0 0.298207 0.488665 0.000000 0.000000 0.898748 0.821924 0.000000
0 0.747578 0.488665 0.000000 0.000000 0.898748 0.821924 0.000000
12 E_05 î˚_Å™
0.000000
1 0.411126 0.570426 0.003630 0.015960 0.972039 0.821924 0.000000
1 0.585920 0.578644 0.001815 0.009540 0.930966 0.946491 0.000000
1 0.417358 0.582067 -0.001815 0.017301 0.910691 0.586558 0.000000
1 0.582640 0.582067 0.001815 0.017301 0.910691 0.586558 0.000000
0 0.442039 0.324281 0.000000 0.000000 0.839122 0.821924 0.000000
0 0.609863 0.324281 0.000000 0.000000 0.839122 0.821924 0.000000
0 0.442039 0.324281 0.000000 0.000000 0.839122 0.821924 0.000000
0 0.609863 0.324281 0.000000 0.000000 0.839122 0.821924 0.000000
0 0.298206 0.488665 0.000000 0.000000 0.898750 0.821924 0.000000
0 0.747578 0.488665 0.000000 0.000000 0.898750 0.821924 0.000000
0 0.298206 0.488665 0.000000 0.000000 0.898750 0.821924 0.000000
0 0.747578 0.488665 0.000000 0.000000 0.898750 0.821924 0.000000
0 0.298206 0.488665 0.000000 0.000000 0.898750 0.821924 0.000000
0 0.747578 0.488665 0.000000 0.000000 0.898750 0.821924 0.000000
0 0.298206 0.488665 0.000000 0.000000 0.898750 0.821924 0.000000
0 0.747578 0.488665 0.000000 0.000000 0.898750 0.821924 0.000000
10 E_06 ñ⁄_â∫Å™
0.000000
1 0.409900 0.475683 -0.002260 0.023190 0.655374 0.358256 0.000000
1 0.590100 0.475683 0.002260 0.023190 0.655374 0.358256 0.000000
1 0.382148 0.424627 -0.010889 0.024222 0.855383 0.711526 5.880218
1 0.617852 0.424627 0.010889 0.024222 0.855383 0.711526 -5.880219
0 0.442039 0.324281 0.000000 0.000000 0.839122 0.821924 0.000000
0 0.609863 0.324281 0.000000 0.000000 0.839122 0.821924 0.000000
0 0.442039 0.324281 0.000000 0.000000 0.839122 0.821924 0.000000
0 0.609863 0.324281 0.000000 0.000000 0.839122 0.821924 0.000000
0 0.298206 0.488665 0.000000 0.000000 0.898750 0.821924 0.000000
0 0.747578 0.488665 0.000000 0.000000 0.898750 0.821924 0.000000
0 0.298206 0.488665 0.000000 0.000000 0.898750 0.821924 0.000000
0 0.747578 0.488665 0.000000 0.000000 0.898750 0.821924 0.000000
0 0.298206 0.488665 0.000000 0.000000 0.898750 0.821924 0.000000
0 0.747578 0.488665 0.000000 0.000000 0.898750 0.821924 0.000000
0 0.298206 0.488665 0.000000 0.000000 0.898750 0.821924 0.000000
0 0.747578 0.488665 0.000000 0.000000 0.898750 0.821924 0.000000
09 E_07 å˚_ÅuÇ†Åv  (ÅPÅ§ÅP)
-0.170000
2 0.468405 0.331823 -0.001633 0.012645 0.597671 0.449453 -15.027191
2 0.531595 0.331823 0.001633 0.012645 0.597671 0.449453 15.027191
1 0.412329 0.322164 -0.013702 0.008364 0.651927 1.303615 -134.600739
1 0.587671 0.322164 0.013702 0.008364 0.651927 1.303615 134.600739
3 0.512630 0.327386 0.031013 -0.016925 1.290101 0.622846 -103.883942
3 0.487370 0.327386 -0.031013 -0.016925 1.290101 0.622846 103.883942
1 0.448632 0.252003 0.001106 -0.014156 1.440723 0.999618 -20.907410
1 0.551368 0.252003 -0.001106 -0.014156 1.440723 0.999618 20.907408
1 0.632562 0.416673 0.012989 0.024586 0.759736 0.844496 -12.241425
1 0.367438 0.416673 -0.012989 0.024586 0.759736 0.844496 12.241425
0 0.498406 0.325352 0.000977 -0.022461 0.607203 0.481620 0.000000
0 0.498553 0.267428 0.001953 -0.014280 1.330477 0.778480 0.000000
0 0.407117 0.531509 0.000565 0.004167 0.656531 0.393510 0.000000
0 0.496278 0.386333 0.000151 0.010742 0.628565 0.153868 0.000000
0 0.298206 0.488665 0.000000 0.000000 0.898750 0.821924 0.000000
0 0.747578 0.488665 0.000000 0.000000 0.898750 0.821924 0.000000
09 E_08 å˚_âEí[Å™  (ÅPÅ[ÅP)
0.000000
1 0.415922 0.358426 -0.007500 0.006341 0.995025 0.554187 0.000000
1 0.567744 0.322094 0.031093 0.008071 0.792118 0.568127 5.880218
0 -0.235759 -0.019406 0.000000 0.009023 7.299521 3.009178 0.000000
0 1.275897 -0.017983 0.000000 0.006094 6.709106 3.046165 0.000000
0 0.442039 0.324281 0.000000 0.000000 0.839122 0.821924 0.000000
1 0.617122 0.390025 0.012704 0.031142 0.775343 1.455413 -26.134296
0 0.442039 0.324281 0.000000 0.000000 0.839122 0.821924 0.000000
2 0.530008 0.322551 0.001815 0.010381 0.505184 0.330575 0.000000
0 0.298206 0.488665 0.000000 0.000000 0.898750 0.821924 0.000000
1 0.604202 0.350257 0.007259 0.019031 0.426879 0.468983 0.000000
0 0.298206 0.488665 0.000000 0.000000 0.898750 0.821924 0.000000
1 0.587868 0.469634 0.000000 0.012111 0.680965 0.323654 0.000000
0 0.298206 0.488665 0.000000 0.000000 0.898750 0.821924 0.000000
0 0.747578 0.488665 0.000000 0.000000 0.898750 0.821924 0.000000
0 0.298206 0.488665 0.000000 0.000000 0.898750 0.821924 0.000000
0 0.747578 0.488665 0.000000 0.000000 0.898750 0.821924 0.000000
09 E_09 å˚_ÅuÇ§ÅAÇ®Åv (ÅPoÅP)
-0.090000
0 -0.049021 0.131448 0.001485 0.077968 4.076655 4.584169 5.000000
0 0.488659 0.520656 -0.001779 0.010969 3.493038 3.939741 -5.000000
1 0.420990 0.326011 0.025408 -0.003460 1.027870 0.946491 0.000000
1 0.579010 0.326011 -0.025408 -0.003460 1.027870 0.946491 0.000000
2 0.482051 0.329903 0.007223 0.002119 0.490379 0.798502 -7.785858
2 0.517949 0.329903 -0.007223 0.002119 0.490379 0.798502 7.785858
3 0.481732 0.286219 0.000445 -0.010190 1.124109 0.691140 -89.401093
3 0.518268 0.286219 -0.000445 -0.010190 1.124109 0.691140 89.401093
1 0.498491 0.260693 -0.001815 0.017301 0.866486 0.579463 0.653365
0 0.744963 0.283184 0.000000 0.000000 0.866808 0.821924 0.000000
1 0.434970 0.264153 0.000000 -0.006920 0.656277 1.513965 30.054453
1 0.565030 0.264153 0.000000 -0.006920 0.656277 1.513965 -30.054443
1 0.353300 0.402561 0.009074 -0.003460 0.373730 0.813623 11.760435
1 0.646700 0.402561 -0.009074 -0.003460 0.373730 0.813623 -11.760437
0 0.311558 0.283184 0.000000 0.000000 0.866808 0.821924 0.000000
0 0.744963 0.283184 0.000000 0.000000 0.866808 0.821924 0.000000
09 E_10 å˚_è„êOÅ™  (ÅPÅ¢ÅP)
0.000000
2 0.478404 0.334235 -0.001851 0.024619 0.483929 0.512487 -2.840302
2 0.521596 0.334235 0.001851 0.024619 0.483929 0.512487 2.840302
1 0.453619 0.384826 -0.005204 0.011142 0.998954 0.579328 -95.480942
1 0.546381 0.384826 0.005204 0.011142 0.998954 0.579328 95.480957
0 0.475873 0.307842 -0.020000 0.015000 0.679574 0.821924 -30.000000
0 0.518347 0.307842 0.020000 0.015000 0.679574 0.821924 30.000000
0 0.487977 0.332500 -0.022500 -0.007500 0.667415 0.739731 -50.000000
0 0.508834 0.332500 0.022500 -0.010000 0.667415 0.739731 50.000000
0 0.407767 0.496885 0.000000 0.012500 0.901649 0.328769 0.000000
0 0.590298 0.488665 0.000000 0.012500 0.898750 0.328769 0.000000
0 0.364410 0.531816 0.005000 -0.005000 0.456759 0.328769 -40.000000
0 0.631425 0.521542 -0.005000 -0.002500 0.455052 0.328769 40.000000
0 0.361334 0.513323 -0.005000 -0.002500 0.907328 0.821924 0.000000
0 0.635575 0.503049 0.005000 -0.002500 0.903796 0.821924 0.000000
0 0.448857 0.400309 -0.010000 0.000000 0.432330 0.328769 0.000000
0 0.546145 0.398254 0.010000 0.000000 0.431899 0.328769 0.000000
09 E_11 å˚_éïÅ´
-0.300000
0 -0.167618 0.110734 -0.003828 0.086758 4.919003 4.247873 -2.500000
0 1.227021 0.102966 0.002422 0.090547 5.071917 4.300509 2.500000
0 0.491770 0.327741 0.009074 -0.062284 0.839122 0.821924 0.000000
0 0.609863 0.324281 0.000000 0.000000 0.839122 0.821924 0.000000
0 0.484182 0.316062 -0.017500 0.012500 0.675346 0.821924 -30.000000
0 0.517949 0.316062 0.020000 0.012500 0.675346 0.821924 30.000000
0 0.467213 0.324281 -0.005000 -0.005000 0.419560 0.821924 -60.000000
0 0.525950 0.324281 0.005000 -0.002500 0.419560 0.821924 60.000000
0 0.311558 0.283184 0.000000 0.000000 0.866808 0.821924 0.000000
0 0.744963 0.283184 0.000000 0.000000 0.866808 0.821924 0.000000
0 0.311558 0.283184 0.000000 0.000000 0.866808 0.821924 0.000000
0 0.744963 0.283184 0.000000 0.000000 0.866808 0.821924 0.000000
0 0.311558 0.283184 0.000000 0.000000 0.866808 0.821924 0.000000
0 0.744963 0.283184 0.000000 0.000000 0.866808 0.821924 0.000000
0 0.311558 0.283184 0.000000 0.000000 0.866808 0.821924 0.000000
0 0.744963 0.283184 0.000000 0.000000 0.866808 0.821924 0.000000
09 E_12 å˚_ÅuÇ¢Åv
-0.010000
1 0.397922 0.354779 -0.028085 0.011920 1.012704 1.315077 20.000000
1 0.602078 0.354779 0.028085 0.011920 1.012704 1.315077 -20.000000
1 0.434733 0.258528 0.000000 0.000500 1.507482 0.904115 -70.000000
1 0.565267 0.258528 0.000000 0.000500 1.507482 0.904115 70.000000
2 0.481653 0.307842 -0.013080 0.009810 0.679574 0.904115 0.000000
2 0.518347 0.307842 0.013080 0.009810 0.679574 0.904115 0.000000
3 0.487537 0.329040 -0.025190 -0.008460 0.583988 0.657538 -50.000000
3 0.512463 0.329040 0.025190 -0.008460 0.583988 0.657538 50.000000
0 0.311558 0.283184 0.000000 0.000000 0.866808 0.821924 0.000000
0 0.744963 0.283184 0.000000 0.000000 0.866808 0.821924 0.000000
0 0.311558 0.283184 0.000000 0.000000 0.866808 0.821924 0.000000
0 0.744963 0.283184 0.000000 0.000000 0.866808 0.821924 0.000000
0 0.311558 0.283184 0.000000 0.000000 0.866808 0.821924 0.000000
0 0.744963 0.283184 0.000000 0.000000 0.866808 0.821924 0.000000
0 0.311558 0.283184 0.000000 0.000000 0.866808 0.821924 0.000000
0 0.744963 0.283184 0.000000 0.000000 0.866808 0.821924 0.000000
09 E_13 å˚_ÅuÇ§ÅAÇ¶Åv
-0.040000
1 0.404207 0.322226 0.005000 -0.002500 0.588257 0.575347 -50.000000
1 0.599374 0.324281 -0.007500 0.000000 0.587385 0.575347 50.000000
1 0.449989 0.258528 0.010000 -0.012500 1.507482 0.904115 -70.000000
1 0.565267 0.258528 -0.010000 -0.014500 1.507482 0.904115 70.000000
2 0.494546 0.322226 -0.005000 0.007500 0.420183 0.739731 30.000000
2 0.505051 0.322226 0.002500 0.007500 0.420183 0.739731 -30.000000
3 0.489884 0.301679 -0.015445 -0.010190 0.682868 0.739731 -50.000000
3 0.510116 0.301679 0.015445 -0.010190 0.682868 0.739731 50.000000
0 0.311558 0.283184 0.000000 0.000000 0.866808 0.821924 0.000000
0 0.744963 0.283184 0.000000 0.000000 0.866808 0.821924 0.000000
0 0.311558 0.283184 0.000000 0.000000 0.866808 0.821924 0.000000
0 0.744963 0.283184 0.000000 0.000000 0.866808 0.821924 0.000000
0 0.311558 0.283184 0.000000 0.000000 0.866808 0.821924 0.000000
0 0.744963 0.283184 0.000000 0.000000 0.866808 0.821924 0.000000
0 0.311558 0.283184 0.000000 0.000000 0.866808 0.821924 0.000000
0 0.744963 0.283184 0.000000 0.000000 0.866808 0.821924 0.000000
09 E_14 å˚_ÅuÇ¶Åv
-0.050000
1 0.389139 0.365377 0.000000 0.012500 1.019426 1.315077 30.000000
1 0.609889 0.361267 0.000000 0.017500 1.017203 1.315077 -30.000000
1 0.450156 0.272911 0.007500 -0.025000 1.487107 0.904115 -70.000000
1 0.561500 0.274965 -0.005000 -0.027000 1.484335 0.904115 70.000000
2 0.471627 0.307842 -0.020000 0.015000 0.679574 0.821924 110.000000
2 0.520470 0.307842 0.020000 0.017500 0.679574 0.821924 -110.000000
3 0.489906 0.332500 -0.015000 -0.007500 0.667415 0.739731 -80.000000
3 0.508834 0.332500 0.022500 -0.010000 0.667415 0.739731 80.000000
0 0.311558 0.283184 0.000000 0.000000 0.866808 0.821924 0.000000
0 0.744963 0.283184 0.000000 0.000000 0.866808 0.821924 0.000000
0 0.311558 0.283184 0.000000 0.000000 0.866808 0.821924 0.000000
0 0.744963 0.283184 0.000000 0.000000 0.866808 0.821924 0.000000
0 0.311558 0.283184 0.000000 0.000000 0.866808 0.821924 0.000000
0 0.744963 0.283184 0.000000 0.000000 0.866808 0.821924 0.000000
0 0.311558 0.283184 0.000000 0.000000 0.866808 0.821924 0.000000
0 0.744963 0.283184 0.000000 0.000000 0.866808 0.821924 0.000000
12 E_15 î˚_Å´
0.000000
1 0.385444 0.551894 0.001719 -0.002734 0.456124 0.476236 0.000000
1 0.434415 0.530556 -0.007461 0.011867 0.890773 0.493307 0.000000
1 0.435726 0.562647 0.015177 -0.025080 0.749224 0.915814 20.000000
1 0.564272 0.562647 -0.015177 -0.025080 0.749224 0.915814 -20.000000
1 0.565767 0.535927 0.006836 0.010296 0.853868 0.443507 180.000000
1 0.615269 0.533251 0.000000 -0.004688 0.446442 0.551623 -180.000000
1 0.500143 0.572336 -0.001815 -0.005190 1.199652 0.622084 0.000000
0 0.506590 0.283184 0.000000 0.022500 0.866808 0.739731 0.000000
1 0.465822 0.577302 0.003630 -0.005190 0.438498 0.365177 0.000000
1 0.534177 0.577302 -0.003630 -0.005190 0.438498 0.365177 0.000000
1 0.411375 0.535779 0.001815 -0.008651 0.329604 0.157564 0.000000
1 0.588623 0.535779 -0.001815 -0.008651 0.329604 0.157564 0.000000
0 0.311558 0.283184 0.000000 0.000000 0.866808 0.821924 0.000000
0 0.744963 0.283184 0.000000 0.000000 0.866808 0.821924 0.000000
0 0.311558 0.283184 0.000000 0.000000 0.866808 0.821924 0.000000
0 0.744963 0.283184 0.000000 0.000000 0.866808 0.821924 0.000000
09 E_16 å˚_äJÅ™Å´
-0.400000
3 0.468759 0.276377 -0.010508 -0.038554 1.078138 3.698710 -12.500000
3 0.541379 0.278262 0.010977 -0.037186 1.044261 3.720048 12.500000
3 0.427176 0.324887 0.018322 -0.003281 0.852506 0.786359 0.000000
3 0.587687 0.317807 -0.015858 -0.003007 0.881767 0.784936 0.000000
2 0.479912 0.342027 -0.001953 0.004882 0.581492 0.820500 0.000000
2 0.515052 0.341693 0.000978 0.005897 0.881615 0.821924 0.000000
2 0.501804 0.234770 0.000978 -0.040038 2.401346 0.964181 0.000000
0 0.504001 0.274278 -0.000196 -0.011680 0.846792 0.456320 0.000000
2 0.415589 0.318559 0.008789 -0.044923 0.817054 0.779720 -62.500000
2 0.587756 0.315934 -0.007812 -0.041017 0.996068 0.779720 62.500000
1 0.336013 0.283375 0.005860 0.000976 1.042781 1.949746 25.000000
1 0.661100 0.273056 -0.004570 -0.001523 1.077277 1.936943 -25.000000
0 0.308838 0.283184 0.000000 0.000000 0.871969 0.821924 0.000000
0 0.744822 0.283184 0.000000 0.000000 0.871969 0.821924 0.000000
0 0.308838 0.283184 0.000000 0.000000 0.871969 0.821924 0.000000
0 0.744822 0.283184 0.000000 0.000000 0.871969 0.821924 0.000000
------------17 
0.000000
0 0.421605 0.324281 -0.020889 0.013960 0.839122 0.821924 0.000000
0 0.578395 0.324281 0.020889 0.013960 0.839122 0.821924 0.000000
0 0.448857 0.400309 -0.006000 0.000000 0.432330 0.328769 0.000000
0 0.546145 0.398254 0.006000 0.000000 0.431899 0.328769 0.000000
0 0.442039 0.324281 0.000000 0.000000 0.839122 0.821924 0.000000
0 0.609863 0.324281 0.000000 0.000000 0.839122 0.821924 0.000000
0 0.442039 0.324281 0.000000 0.000000 0.839122 0.821924 0.000000
0 0.609863 0.324281 0.000000 0.000000 0.839122 0.821924 0.000000
0 0.298200 0.488665 0.000000 0.000000 0.898758 0.821924 0.000000
0 0.747578 0.488665 0.000000 0.000000 0.898758 0.821924 0.000000
0 0.298200 0.488665 0.000000 0.000000 0.898758 0.821924 0.000000
0 0.747578 0.488665 0.000000 0.000000 0.898758 0.821924 0.000000
0 0.298200 0.488665 0.000000 0.000000 0.898758 0.821924 0.000000
0 0.747578 0.488665 0.000000 0.000000 0.898758 0.821924 0.000000
0 0.298200 0.488665 0.000000 0.000000 0.898758 0.821924 0.000000
0 0.747578 0.488665 0.000000 0.000000 0.898758 0.821924 0.000000
10 E_18 ñ⁄_ç∂·ŸÅ™ (ÇO -)
0.000000
1 0.411034 0.527135 0.004111 0.019221 0.815156 0.351334 0.000000
0 0.588965 0.527135 -0.004111 0.019221 0.815156 0.351334 0.000000
1 0.414815 0.564765 0.000000 0.012111 0.814085 0.414828 -1.960071
0 0.585184 0.564765 0.000000 0.012111 0.814085 0.414828 1.960083
0 0.442039 0.324281 0.000000 0.000000 0.839122 0.821924 0.000000
0 0.609863 0.324281 0.000000 0.000000 0.839122 0.821924 0.000000
0 0.442039 0.324281 0.000000 0.000000 0.839122 0.821924 0.000000
0 0.609863 0.324281 0.000000 0.000000 0.839122 0.821924 0.000000
0 0.298200 0.488665 0.000000 0.000000 0.898758 0.821924 0.000000
0 0.747578 0.488665 0.000000 0.000000 0.898758 0.821924 0.000000
0 0.298200 0.488665 0.000000 0.000000 0.898758 0.821924 0.000000
0 0.747578 0.488665 0.000000 0.000000 0.898758 0.821924 0.000000
0 0.298200 0.488665 0.000000 0.000000 0.898758 0.821924 0.000000
0 0.747578 0.488665 0.000000 0.000000 0.898758 0.821924 0.000000
0 0.298200 0.488665 0.000000 0.000000 0.898758 0.821924 0.000000
0 0.747578 0.488665 0.000000 0.000000 0.898758 0.821924 0.000000
10 E_19 ñ⁄_âE·ŸÅ™ (- ÇO)
0.000000
0 0.411034 0.527135 0.004111 0.019221 0.815156 0.351334 0.000000
1 0.588965 0.527135 -0.004111 0.019221 0.815156 0.351334 0.000000
0 0.414815 0.564765 0.000000 0.012111 0.814085 0.414828 -1.960071
1 0.585184 0.564765 0.000000 0.012111 0.814085 0.414828 1.960083
0 0.442039 0.324281 0.000000 0.000000 0.839122 0.821924 0.000000
0 0.609863 0.324281 0.000000 0.000000 0.839122 0.821924 0.000000
0 0.442039 0.324281 0.000000 0.000000 0.839122 0.821924 0.000000
0 0.609863 0.324281 0.000000 0.000000 0.839122 0.821924 0.000000
0 0.298200 0.488665 0.000000 0.000000 0.898758 0.821924 0.000000
0 0.747578 0.488665 0.000000 0.000000 0.898758 0.821924 0.000000
0 0.298200 0.488665 0.000000 0.000000 0.898758 0.821924 0.000000
0 0.747578 0.488665 0.000000 0.000000 0.898758 0.821924 0.000000
0 0.298200 0.488665 0.000000 0.000000 0.898758 0.821924 0.000000
0 0.747578 0.488665 0.000000 0.000000 0.898758 0.821924 0.000000
0 0.298200 0.488665 0.000000 0.000000 0.898758 0.821924 0.000000
0 0.747578 0.488665 0.000000 0.000000 0.898758 0.821924 0.000000
12 E_20 î˚_ç∂Å™
0.000000
0 0.589121 0.573421 0.001814 0.032792 0.806446 0.476914 -0.653351
1 0.410870 0.573421 -0.001814 0.032792 0.806446 0.476914 0.653351
0 0.442039 0.324281 0.000000 0.000000 0.839122 0.821924 0.000000
0 0.609863 0.324281 0.000000 0.000000 0.839122 0.821924 0.000000
0 0.442039 0.324281 0.000000 0.000000 0.839122 0.821924 0.000000
0 0.609863 0.324281 0.000000 0.000000 0.839122 0.821924 0.000000
0 0.442039 0.324281 0.000000 0.000000 0.839122 0.821924 0.000000
0 0.609863 0.324281 0.000000 0.000000 0.839122 0.821924 0.000000
0 0.298200 0.488665 0.000000 0.000000 0.898758 0.821924 0.000000
0 0.747578 0.488665 0.000000 0.000000 0.898758 0.821924 0.000000
0 0.298200 0.488665 0.000000 0.000000 0.898758 0.821924 0.000000
0 0.747578 0.488665 0.000000 0.000000 0.898758 0.821924 0.000000
0 0.298200 0.488665 0.000000 0.000000 0.898758 0.821924 0.000000
0 0.747578 0.488665 0.000000 0.000000 0.898758 0.821924 0.000000
0 0.298200 0.488665 0.000000 0.000000 0.898758 0.821924 0.000000
0 0.747578 0.488665 0.000000 0.000000 0.898758 0.821924 0.000000
12 E_21 î˚_âEÅ™
0.000000
1 0.589121 0.573421 0.001814 0.032792 0.806446 0.476914 -0.653351
0 0.410870 0.573421 -0.001814 0.032792 0.806446 0.476914 0.653351
0 0.442039 0.324281 0.000000 0.000000 0.839122 0.821924 0.000000
0 0.609863 0.324281 0.000000 0.000000 0.839122 0.821924 0.000000
0 0.442039 0.324281 0.000000 0.000000 0.839122 0.821924 0.000000
0 0.609863 0.324281 0.000000 0.000000 0.839122 0.821924 0.000000
0 0.442039 0.324281 0.000000 0.000000 0.839122 0.821924 0.000000
0 0.609863 0.324281 0.000000 0.000000 0.839122 0.821924 0.000000
0 0.298200 0.488665 0.000000 0.000000 0.898758 0.821924 0.000000
0 0.747578 0.488665 0.000000 0.000000 0.898758 0.821924 0.000000
0 0.298200 0.488665 0.000000 0.000000 0.898758 0.821924 0.000000
0 0.747578 0.488665 0.000000 0.000000 0.898758 0.821924 0.000000
0 0.298200 0.488665 0.000000 0.000000 0.898758 0.821924 0.000000
0 0.747578 0.488665 0.000000 0.000000 0.898758 0.821924 0.000000
0 0.298200 0.488665 0.000000 0.000000 0.898758 0.821924 0.000000
0 0.747578 0.488665 0.000000 0.000000 0.898758 0.821924 0.000000
12 E_22 î˚_ç∂Å´
0.000000
1 0.433484 0.569109 0.014074 -0.028713 1.105482 0.801163 0.000000
0 0.566507 0.569109 -0.014074 -0.028713 1.105482 0.801163 0.000000
0 0.442039 0.324281 0.000000 0.000000 0.839122 0.821924 0.000000
0 0.609863 0.324281 0.000000 0.000000 0.839122 0.821924 0.000000
0 0.442039 0.324281 0.000000 0.000000 0.839122 0.821924 0.000000
0 0.609863 0.324281 0.000000 0.000000 0.839122 0.821924 0.000000
0 0.442039 0.324281 0.000000 0.000000 0.839122 0.821924 0.000000
0 0.609863 0.324281 0.000000 0.000000 0.839122 0.821924 0.000000
0 0.298200 0.488665 0.000000 0.000000 0.898758 0.821924 0.000000
0 0.747578 0.488665 0.000000 0.000000 0.898758 0.821924 0.000000
0 0.298200 0.488665 0.000000 0.000000 0.898758 0.821924 0.000000
0 0.747578 0.488665 0.000000 0.000000 0.898758 0.821924 0.000000
0 0.298200 0.488665 0.000000 0.000000 0.898758 0.821924 0.000000
0 0.747578 0.488665 0.000000 0.000000 0.898758 0.821924 0.000000
0 0.298200 0.488665 0.000000 0.000000 0.898758 0.821924 0.000000
0 0.747578 0.488665 0.000000 0.000000 0.898758 0.821924 0.000000
12 E_23 î˚_âEÅ´
0.000000
0 0.433484 0.569109 0.014074 -0.028713 1.105482 0.801163 0.000000
1 0.566507 0.569109 -0.014074 -0.028713 1.105482 0.801163 0.000000
0 0.442039 0.324281 0.000000 0.000000 0.839122 0.821924 0.000000
0 0.609863 0.324281 0.000000 0.000000 0.839122 0.821924 0.000000
0 0.442039 0.324281 0.000000 0.000000 0.839122 0.821924 0.000000
0 0.609863 0.324281 0.000000 0.000000 0.839122 0.821924 0.000000
0 0.442039 0.324281 0.000000 0.000000 0.839122 0.821924 0.000000
0 0.609863 0.324281 0.000000 0.000000 0.839122 0.821924 0.000000
0 0.298200 0.488665 0.000000 0.000000 0.898758 0.821924 0.000000
0 0.747578 0.488665 0.000000 0.000000 0.898758 0.821924 0.000000
0 0.298200 0.488665 0.000000 0.000000 0.898758 0.821924 0.000000
0 0.747578 0.488665 0.000000 0.000000 0.898758 0.821924 0.000000
0 0.298200 0.488665 0.000000 0.000000 0.898758 0.821924 0.000000
0 0.747578 0.488665 0.000000 0.000000 0.898758 0.821924 0.000000
0 0.298200 0.488665 0.000000 0.000000 0.898758 0.821924 0.000000
0 0.747578 0.488665 0.000000 0.000000 0.898758 0.821924 0.000000
13 E_24 èŒ ÅiÅMÅÕÅLÅj
0.000000
2 0.466590 0.333554 -0.007078 0.023025 0.545698 0.587737 39.854858
2 0.533410 0.333554 0.007078 0.023025 0.545698 0.587737 -39.854851
1 0.421403 0.308323 -0.020961 0.030855 0.651927 1.303615 -134.600739
1 0.578597 0.308323 0.020961 0.030855 0.651927 1.303615 134.600739
3 0.510815 0.327386 0.027384 -0.008275 1.290101 0.622846 -103.883942
3 0.489185 0.327386 -0.027384 -0.008275 1.290101 0.622846 103.883942
0 0.448632 0.258923 0.001106 -0.008966 1.440707 0.999618 -20.907410
0 0.551368 0.258923 -0.001106 -0.008966 1.440707 0.999618 20.907408
1 0.632562 0.439164 0.007544 0.029776 1.087631 1.042670 1.479095
1 0.367438 0.439164 -0.007544 0.029776 1.087631 1.042670 -1.479095
1 0.403443 0.372965 0.001677 0.039353 0.575485 0.688515 0.000000
1 0.596557 0.372965 -0.001677 0.039353 0.575485 0.688515 0.000000
1 0.554539 0.355191 -0.000151 -0.008289 0.301887 0.472207 0.000000
1 0.445461 0.355191 0.000151 -0.008289 0.301887 0.472207 0.000000
0 0.298200 0.488665 0.000000 0.000000 0.898758 0.821924 0.000000
0 0.747578 0.488665 0.000000 0.000000 0.898758 0.821924 0.000000
09 E_25 å˚ (ﬂÑDﬂ)
-0.060000
0 -0.049005 0.131448 0.001485 0.077968 4.076527 4.584169 5.000000
0 0.488659 0.520656 -0.001779 0.010969 3.493094 3.939741 -5.000000
1 0.413730 0.343312 0.010889 0.001730 0.897199 0.842685 0.000000
1 0.582640 0.327741 -0.005445 0.000000 0.933496 0.780401 0.000000
2 0.474792 0.336823 -0.001851 0.021151 0.490379 0.798502 -7.785858
2 0.519763 0.329903 0.001851 0.012500 0.490379 0.798502 7.785858
3 0.470843 0.315631 -0.003185 -0.011920 1.124107 0.691140 -89.401093
3 0.520083 0.315631 0.001370 -0.013650 1.124107 0.691140 89.401093
1 0.500306 0.260693 -0.001815 0.012111 0.866478 0.579463 0.653365
0 0.744963 0.283184 0.000000 0.000000 0.866808 0.821924 0.000000
1 0.434970 0.264153 0.005445 -0.005190 0.656269 1.513965 30.054443
1 0.563215 0.271073 -0.007260 -0.008650 0.656274 1.513965 -30.054443
0 0.434710 0.300485 -0.001815 -0.003460 0.467533 0.365177 0.000000
1 0.443693 0.340277 -0.001815 0.015571 0.431236 0.441301 0.000000
0 0.547493 0.324706 0.003630 0.013841 0.394938 0.510505 0.000000
0 0.440063 0.342008 -0.001815 0.010381 0.453014 0.489744 0.000000
13 E_26 èŒ (ÅLÅ§`)
-0.050000
1 0.601816 0.349806 0.025372 0.031540 1.124107 1.730103 -17.867523
1 0.398184 0.349806 -0.025372 0.031540 1.124107 1.730103 17.867523
2 0.429288 0.365794 0.003870 -0.013349 0.742846 0.428712 -70.000000
2 0.570712 0.365794 -0.003870 -0.013349 0.742846 0.428712 70.000000
2 0.470428 0.326873 -0.014555 0.013270 0.679574 0.821924 -30.000000
2 0.529572 0.326873 0.014555 0.013270 0.679574 0.821924 30.000000
3 0.483906 0.330770 -0.033389 -0.015190 0.579439 0.877538 13.375702
3 0.516094 0.330770 0.033389 -0.015190 0.579439 0.877538 -13.375702
1 0.413332 0.488665 0.000000 0.012500 0.550301 0.328769 0.000000
1 0.586668 0.488665 0.000000 0.012500 0.550301 0.328769 0.000000
1 0.411589 0.535276 -0.000445 -0.008460 0.849808 0.241768 -173.938278
1 0.588406 0.535276 0.000445 -0.008460 0.849808 0.241768 173.938293
1 0.372216 0.518513 -0.005000 -0.004230 0.725850 0.372097 0.000000
1 0.627779 0.518513 0.005000 -0.004230 0.725850 0.372097 0.000000
1 0.379886 0.578510 -0.000926 -0.010381 0.971766 0.553084 12.413799
1 0.620110 0.578510 0.000926 -0.010381 0.971766 0.553084 -12.413788
13 E_27 ç¢
-0.050000
1 0.581852 0.358457 0.001779 -0.006522 0.947126 1.772613 -27.014526
1 0.418148 0.358457 -0.001779 -0.006522 0.947126 1.772613 27.014532
2 0.427473 0.365794 -0.001575 -0.009889 0.742846 0.428712 -70.000000
2 0.572527 0.365794 0.001575 -0.009889 0.742846 0.428712 70.000000
2 0.457724 0.349364 0.001779 -0.007491 0.503540 0.720291 -88.802177
2 0.542276 0.349364 -0.001779 -0.007491 0.503540 0.720291 88.802185
3 0.482091 0.266756 -0.004351 0.024602 0.579435 0.877538 13.375702
3 0.517909 0.266756 0.004351 0.024602 0.579435 0.877538 -13.375702
1 0.415147 0.493855 0.000000 0.007310 0.550301 0.328769 0.000000
1 0.584853 0.493855 0.000000 0.007310 0.550301 0.328769 0.000000
1 0.406146 0.535276 -0.000445 -0.008460 0.849808 0.241768 -173.938293
1 0.593850 0.535276 0.000445 -0.008460 0.849808 0.241768 173.938293
1 0.383106 0.535814 -0.005000 -0.004230 0.725850 0.372097 0.000000
1 0.616890 0.535814 0.005000 -0.004230 0.725850 0.372097 0.000000
1 0.390776 0.573320 -0.011815 -0.020762 0.947278 0.404401 16.333923
1 0.609220 0.573320 0.011815 -0.020762 0.947278 0.404401 -16.333923
10 E_28 ñ⁄_ç◊
-0.050000
1 0.570963 0.581640 -0.000036 -0.008252 0.569826 0.400513 1.079834
1 0.429033 0.581640 0.000036 -0.008252 0.569826 0.400513 -1.079848
0 0.429288 0.365794 0.003870 -0.013349 0.742846 0.428712 -70.000000
0 0.570712 0.365794 -0.003870 -0.013349 0.742846 0.428712 70.000000
0 0.452279 0.345904 -0.000036 -0.004031 0.679574 0.821924 -30.000000
0 0.547721 0.345904 0.000036 -0.004031 0.679574 0.821924 30.000000
0 0.483906 0.330770 -0.024315 -0.006539 0.579439 0.877538 13.375702
0 0.516094 0.330770 0.024315 -0.006539 0.579439 0.877538 -13.375702
1 0.411517 0.488665 0.000000 0.012500 0.550301 0.328769 0.000000
1 0.588483 0.488665 0.000000 0.012500 0.550301 0.328769 0.000000
1 0.411589 0.535276 -0.000445 -0.008460 0.849808 0.241768 -173.938278
1 0.588406 0.535276 0.000445 -0.008460 0.849808 0.241768 173.938293
1 0.372216 0.518513 -0.005000 -0.004230 0.725850 0.372097 0.000000
1 0.627779 0.518513 0.005000 -0.004230 0.725850 0.372097 0.000000
1 0.379886 0.573320 -0.000926 -0.013841 0.789313 0.377071 24.174234
1 0.620110 0.573320 0.000926 -0.013841 0.789313 0.377071 -24.174225
09 E_29 å˚_â∫êOÅ´
0.000000
1 0.621780 0.323854 -0.003666 -0.013443 0.855893 1.300317 -28.321259
1 0.378220 0.323854 0.003666 -0.013443 0.855893 1.300317 28.321251
2 0.438362 0.360604 0.003870 -0.013349 0.742846 0.428712 -70.000000
2 0.561638 0.360604 -0.003870 -0.013349 0.742846 0.428712 70.000000
2 0.461354 0.330333 -0.000036 0.011540 0.734985 0.566239 -30.000000
2 0.538646 0.330333 0.000036 0.011540 0.734985 0.566239 30.000000
3 0.476647 0.297898 -0.006166 -0.022110 0.579439 0.877538 13.375702
3 0.523353 0.297898 0.006166 -0.022110 0.579439 0.877538 -13.375702
1 0.420591 0.332956 0.001815 -0.008261 0.637413 0.384132 -42.468243
1 0.579409 0.332956 -0.001815 -0.008261 0.637413 0.384132 42.468231
1 0.473297 0.237698 -0.000445 -0.008460 0.696546 0.654724 -173.938278
1 0.526703 0.237698 0.000445 -0.008460 0.696546 0.654724 173.938293
3 0.437557 0.309171 0.000445 0.014801 0.370131 0.337495 0.000000
3 0.562443 0.309171 -0.000445 0.014801 0.370131 0.337495 0.000000
1 0.486969 0.267091 0.000889 0.012110 0.765178 0.381097 -30.707806
1 0.513031 0.267091 -0.000889 0.012110 0.765178 0.381097 30.707794
E_30
-0.050000
1 0.601816 0.349806 0.025372 0.031540 1.124107 1.730103 -17.867523
1 0.398184 0.349806 -0.025372 0.031540 1.124107 1.730103 17.867523
2 0.429288 0.365794 0.003870 -0.013349 0.742846 0.428712 -70.000000
2 0.570712 0.365794 -0.003870 -0.013349 0.742846 0.428712 70.000000
2 0.470428 0.326873 -0.014555 0.013270 0.679574 0.821924 -30.000000
2 0.529572 0.326873 0.014555 0.013270 0.679574 0.821924 30.000000
3 0.483906 0.330770 -0.033389 -0.015190 0.579439 0.877538 13.375702
3 0.516094 0.330770 0.033389 -0.015190 0.579439 0.877538 -13.375702
1 0.413332 0.488665 0.000000 0.012500 0.550301 0.328769 0.000000
1 0.586668 0.488665 0.000000 0.012500 0.550301 0.328769 0.000000
1 0.411589 0.535276 -0.000445 -0.008460 0.849808 0.241768 -173.938278
1 0.588406 0.535276 0.000445 -0.008460 0.849808 0.241768 173.938293
1 0.372216 0.518513 -0.005000 -0.004230 0.725850 0.372097 0.000000
1 0.627779 0.518513 0.005000 -0.004230 0.725850 0.372097 0.000000
1 0.379886 0.578510 -0.000926 -0.010381 0.789313 0.377071 24.174234
1 0.620109 0.578510 0.000926 -0.010381 0.789313 0.377071 -24.174225
09 E_31 å˚ (ÅPÇ÷ÅP) 
0.000000
2 0.502007 0.348508 -0.001815 -0.012190 0.931095 0.289665 -1.306715
3 0.499808 0.260273 0.000000 0.012031 0.931091 0.289665 1.306702
1 0.483781 0.272378 0.001815 0.013841 0.839118 0.628152 0.000000
1 0.516219 0.272378 -0.001815 0.013841 0.839118 0.628152 0.000000
1 0.429335 0.329471 -0.014519 -0.006920 0.839122 0.821924 0.000000
1 0.570665 0.329471 0.014519 -0.006920 0.839122 0.821924 0.000000
1 0.414816 0.336392 0.001815 -0.025952 0.432588 0.558948 0.000000
1 0.585184 0.336392 -0.001815 -0.025952 0.432588 0.558948 0.000000
1 0.354467 0.305274 0.000000 -0.015571 0.898750 0.821924 0.000000
1 0.645533 0.305274 0.000000 -0.015571 0.898750 0.821924 0.000000
1 0.376245 0.372748 -0.009074 -0.003460 0.898754 0.821924 0.000000
1 0.623755 0.372748 0.009074 -0.003460 0.898754 0.821924 0.000000
0 0.298202 0.488665 0.000000 0.000000 0.898754 0.821924 0.000000
0 0.747578 0.488665 0.000000 0.000000 0.898754 0.821924 0.000000
0 0.298202 0.488665 0.000000 0.000000 0.898754 0.821924 0.000000
0 0.747578 0.488665 0.000000 0.000000 0.898754 0.821924 0.000000
E_32
-0.050000
1 0.601816 0.349806 0.025372 0.031540 1.124107 1.730103 -17.867523
1 0.398184 0.349806 -0.025372 0.031540 1.124107 1.730103 17.867523
2 0.429288 0.365794 0.003870 -0.013349 0.742846 0.428712 -70.000000
2 0.570712 0.365794 -0.003870 -0.013349 0.742846 0.428712 70.000000
2 0.470428 0.326873 -0.014555 0.013270 0.679574 0.821924 -30.000000
2 0.529572 0.326873 0.014555 0.013270 0.679574 0.821924 30.000000
3 0.483906 0.330770 -0.033389 -0.015190 0.579439 0.877538 13.375702
3 0.516094 0.330770 0.033389 -0.015190 0.579439 0.877538 -13.375702
1 0.413332 0.488665 0.000000 0.012500 0.550301 0.328769 0.000000
1 0.586668 0.488665 0.000000 0.012500 0.550301 0.328769 0.000000
1 0.411589 0.535276 -0.000445 -0.008460 0.849808 0.241768 -173.938278
1 0.588406 0.535276 0.000445 -0.008460 0.849808 0.241768 173.938293
1 0.372216 0.518513 -0.005000 -0.004230 0.725850 0.372097 0.000000
1 0.627779 0.518513 0.005000 -0.004230 0.725850 0.372097 0.000000
1 0.379886 0.578510 -0.000926 -0.010381 0.789313 0.377071 24.174234
1 0.620109 0.578510 0.000926 -0.010381 0.789313 0.377071 -24.174225
