faceanim:3
32
0.332500
0.334900
0.513323
0.512029
0.433750
0.567233
0.413510
0.585900
12 E_î˚_Å™
0.000000
1 0.411123 0.570426 0.003630 0.015960 0.972045 0.821924 0.000000
1 0.585920 0.578644 0.001815 0.009540 0.930972 0.946491 0.000000
1 0.417355 0.582067 -0.001815 0.017301 0.910697 0.586558 0.000000
1 0.582640 0.582067 0.001815 0.017301 0.910697 0.586558 0.000000
0 0.442039 0.324281 0.000000 0.000000 0.839122 0.821924 0.000000
0 0.609863 0.324281 0.000000 0.000000 0.839122 0.821924 0.000000
0 0.442039 0.324281 0.000000 0.000000 0.839122 0.821924 0.000000
0 0.609863 0.324281 0.000000 0.000000 0.839122 0.821924 0.000000
0 0.298203 0.488665 0.000000 0.000000 0.898753 0.821924 0.000000
0 0.747578 0.488665 0.000000 0.000000 0.898753 0.821924 0.000000
0 0.298203 0.488665 0.000000 0.000000 0.898753 0.821924 0.000000
0 0.747578 0.488665 0.000000 0.000000 0.898753 0.821924 0.000000
0 0.298203 0.488665 0.000000 0.000000 0.898753 0.821924 0.000000
0 0.747578 0.488665 0.000000 0.000000 0.898753 0.821924 0.000000
0 0.298203 0.488665 0.000000 0.000000 0.898753 0.821924 0.000000
0 0.747578 0.488665 0.000000 0.000000 0.898753 0.821924 0.000000
12 E_î˚_Å´
0.000000
1 0.385441 0.551894 0.001719 -0.002734 0.456127 0.476236 0.000000
1 0.434415 0.530556 -0.007461 0.011867 0.890779 0.493307 0.000000
1 0.435723 0.562647 0.015177 -0.025080 0.749227 0.915814 20.000000
1 0.564272 0.562647 -0.015177 -0.025080 0.749227 0.915814 -20.000000
1 0.565767 0.535927 0.006836 0.010296 0.853874 0.443507 180.000000
1 0.615269 0.533251 0.000000 -0.004688 0.446445 0.551623 -180.000000
1 0.500143 0.572336 -0.001815 -0.005190 1.199661 0.622084 0.000000
0 0.506590 0.283184 0.000000 0.022500 0.866808 0.739731 0.000000
1 0.465822 0.577302 0.003630 -0.005190 0.438501 0.365177 0.000000
1 0.534177 0.577302 -0.003630 -0.005190 0.438501 0.365177 0.000000
1 0.411372 0.535779 0.001815 -0.008651 0.329607 0.157564 0.000000
1 0.588623 0.535779 -0.001815 -0.008651 0.329607 0.157564 0.000000
0 0.311558 0.283184 0.000000 0.000000 0.866808 0.821924 0.000000
0 0.744963 0.283184 0.000000 0.000000 0.866808 0.821924 0.000000
0 0.311558 0.283184 0.000000 0.000000 0.866808 0.821924 0.000000
0 0.744963 0.283184 0.000000 0.000000 0.866808 0.821924 0.000000
12 E_î˚ Å´ î™
-0.050000
0 0.601816 0.349806 0.025372 0.031540 1.124107 1.730103 -17.867523
0 0.398184 0.349806 -0.025372 0.031540 1.124107 1.730103 17.867523
0 0.429288 0.365794 0.003870 -0.013349 0.742846 0.428712 -70.000000
0 0.570712 0.365794 -0.003870 -0.013349 0.742846 0.428712 70.000000
1 0.428682 0.548326 0.007224 0.008080 0.616673 0.233060 4.627952
1 0.571314 0.548326 -0.007224 0.008080 0.616673 0.233060 -4.627960
1 0.405860 0.541843 0.001094 -0.008270 0.783503 0.480461 13.375702
1 0.594134 0.541843 -0.001094 -0.008270 0.783503 0.480461 -13.375702
1 0.395177 0.578630 0.009074 -0.013452 0.652098 0.504492 28.747742
1 0.604817 0.578630 -0.009074 -0.013452 0.652098 0.504492 -28.747742
1 0.360762 0.562958 -0.000445 -0.010190 0.325765 0.325257 -173.938278
1 0.639232 0.562958 0.000445 -0.010190 0.325765 0.325257 173.938293
1 0.390364 0.575606 -0.001370 -0.007690 0.508075 0.455142 0.000000
1 0.609630 0.575606 0.001370 -0.007690 0.508075 0.455142 0.000000
1 0.437952 0.561209 0.008148 0.001730 0.649522 0.308856 1.960072
1 0.562042 0.561209 -0.008148 0.001730 0.649522 0.308856 -1.960083
12 E_î˚_âEÅ™
0.000000
1 0.589121 0.573421 0.001814 0.032792 0.806456 0.476914 -0.653351
0 0.410865 0.573421 -0.001814 0.032792 0.806456 0.476914 0.653351
0 0.442039 0.324281 0.000000 0.000000 0.839122 0.821924 0.000000
0 0.609863 0.324281 0.000000 0.000000 0.839122 0.821924 0.000000
0 0.442039 0.324281 0.000000 0.000000 0.839122 0.821924 0.000000
0 0.609863 0.324281 0.000000 0.000000 0.839122 0.821924 0.000000
0 0.442039 0.324281 0.000000 0.000000 0.839122 0.821924 0.000000
0 0.609863 0.324281 0.000000 0.000000 0.839122 0.821924 0.000000
0 0.298195 0.488665 0.000000 0.000000 0.898763 0.821924 0.000000
0 0.747578 0.488665 0.000000 0.000000 0.898763 0.821924 0.000000
0 0.298195 0.488665 0.000000 0.000000 0.898763 0.821924 0.000000
0 0.747578 0.488665 0.000000 0.000000 0.898763 0.821924 0.000000
0 0.298195 0.488665 0.000000 0.000000 0.898763 0.821924 0.000000
0 0.747578 0.488665 0.000000 0.000000 0.898763 0.821924 0.000000
0 0.298195 0.488665 0.000000 0.000000 0.898763 0.821924 0.000000
0 0.747578 0.488665 0.000000 0.000000 0.898763 0.821924 0.000000
12 E_î˚_âEÅ´
0.000000
0 0.433479 0.569109 0.014074 -0.028713 1.105492 0.801163 0.000000
1 0.566507 0.569109 -0.014074 -0.028713 1.105492 0.801163 0.000000
0 0.442039 0.324281 0.000000 0.000000 0.839122 0.821924 0.000000
0 0.609863 0.324281 0.000000 0.000000 0.839122 0.821924 0.000000
0 0.442039 0.324281 0.000000 0.000000 0.839122 0.821924 0.000000
0 0.609863 0.324281 0.000000 0.000000 0.839122 0.821924 0.000000
0 0.442039 0.324281 0.000000 0.000000 0.839122 0.821924 0.000000
0 0.609863 0.324281 0.000000 0.000000 0.839122 0.821924 0.000000
0 0.298195 0.488665 0.000000 0.000000 0.898763 0.821924 0.000000
0 0.747578 0.488665 0.000000 0.000000 0.898763 0.821924 0.000000
0 0.298195 0.488665 0.000000 0.000000 0.898763 0.821924 0.000000
0 0.747578 0.488665 0.000000 0.000000 0.898763 0.821924 0.000000
0 0.298195 0.488665 0.000000 0.000000 0.898763 0.821924 0.000000
0 0.747578 0.488665 0.000000 0.000000 0.898763 0.821924 0.000000
0 0.298195 0.488665 0.000000 0.000000 0.898763 0.821924 0.000000
0 0.747578 0.488665 0.000000 0.000000 0.898763 0.821924 0.000000
12 E_î˚ Å´ÇµÇ©ÇﬂÇÈ
0.000000
1 0.402267 0.449566 0.002500 0.017500 0.880431 0.821923 0.000000
1 0.581842 0.465457 -0.012716 0.014095 0.880431 0.821923 0.000000
1 0.431238 0.578538 0.028377 -0.046538 0.694597 0.897471 30.646996
1 0.565350 0.568322 -0.027242 -0.041998 0.694592 0.897471 -30.647003
1 0.416489 0.512703 -0.004540 0.010216 0.625986 0.558586 0.000000
1 0.583511 0.512703 0.004540 0.010216 0.625986 0.558586 0.000000
1 0.495944 0.512703 -0.001135 0.010216 0.830301 0.821923 0.000000
0 0.608654 0.324281 0.000000 0.000000 0.830292 0.821923 0.000000
0 0.298190 0.488666 0.000000 0.000000 0.898762 0.821923 0.000000
0 0.747579 0.488666 0.000000 0.000000 0.898762 0.821923 0.000000
0 0.298190 0.488666 0.000000 0.000000 0.898762 0.821923 0.000000
0 0.747579 0.488666 0.000000 0.000000 0.898762 0.821923 0.000000
0 0.298190 0.488666 0.000000 0.000000 0.898762 0.821923 0.000000
0 0.747579 0.488666 0.000000 0.000000 0.898762 0.821923 0.000000
0 0.298190 0.488666 0.000000 0.000000 0.898762 0.821923 0.000000
0 0.747579 0.488666 0.000000 0.000000 0.898762 0.821923 0.000000
10 E_ñ⁄_ç◊
-0.050000
1 0.570963 0.581640 -0.000036 -0.008252 0.569831 0.400513 1.079834
1 0.429028 0.581640 0.000036 -0.008252 0.569831 0.400513 -1.079848
0 0.429288 0.365794 0.003870 -0.013349 0.742846 0.428712 -70.000000
0 0.570712 0.365794 -0.003870 -0.013349 0.742846 0.428712 70.000000
0 0.452279 0.345904 -0.000036 -0.004031 0.679574 0.821924 -30.000000
0 0.547721 0.345904 0.000036 -0.004031 0.679574 0.821924 30.000000
0 0.483906 0.330770 -0.024315 -0.006539 0.579439 0.877538 13.375702
0 0.516094 0.330770 0.024315 -0.006539 0.579439 0.877538 -13.375702
1 0.411517 0.488665 0.000000 0.012500 0.550306 0.328769 0.000000
1 0.588483 0.488665 0.000000 0.012500 0.550306 0.328769 0.000000
1 0.411584 0.535276 -0.000445 -0.008460 0.849818 0.241768 -173.938278
1 0.588406 0.535276 0.000445 -0.008460 0.849818 0.241768 173.938293
1 0.372211 0.518513 -0.005000 -0.004230 0.725855 0.372097 0.000000
1 0.627779 0.518513 0.005000 -0.004230 0.725855 0.372097 0.000000
1 0.379881 0.573320 -0.000926 -0.013841 0.789323 0.377071 24.174234
1 0.620110 0.573320 0.000926 -0.013841 0.789323 0.377071 -24.174225
10 E_ñ⁄_ç∂·ŸÅ™ (ÇO -)
0.000000
1 0.411031 0.527135 0.004111 0.019221 0.815166 0.351334 0.000000
0 0.588965 0.527135 -0.004111 0.019221 0.815166 0.351334 0.000000
1 0.414810 0.564765 0.000000 0.012111 0.814095 0.414828 -1.960071
0 0.585184 0.564765 0.000000 0.012111 0.814095 0.414828 1.960083
0 0.442039 0.324281 0.000000 0.000000 0.839122 0.821924 0.000000
0 0.609863 0.324281 0.000000 0.000000 0.839122 0.821924 0.000000
0 0.442039 0.324281 0.000000 0.000000 0.839122 0.821924 0.000000
0 0.609863 0.324281 0.000000 0.000000 0.839122 0.821924 0.000000
0 0.298195 0.488665 0.000000 0.000000 0.898763 0.821924 0.000000
0 0.747578 0.488665 0.000000 0.000000 0.898763 0.821924 0.000000
0 0.298195 0.488665 0.000000 0.000000 0.898763 0.821924 0.000000
0 0.747578 0.488665 0.000000 0.000000 0.898763 0.821924 0.000000
0 0.298195 0.488665 0.000000 0.000000 0.898763 0.821924 0.000000
0 0.747578 0.488665 0.000000 0.000000 0.898763 0.821924 0.000000
0 0.298195 0.488665 0.000000 0.000000 0.898763 0.821924 0.000000
0 0.747578 0.488665 0.000000 0.000000 0.898763 0.821924 0.000000
10 E_ñ⁄_âE·ŸÅ™ (- ÇO)
0.000000
0 0.411031 0.527135 0.004111 0.019221 0.815166 0.351334 0.000000
1 0.588965 0.527135 -0.004111 0.019221 0.815166 0.351334 0.000000
0 0.414810 0.564765 0.000000 0.012111 0.814095 0.414828 -1.960071
1 0.585184 0.564765 0.000000 0.012111 0.814095 0.414828 1.960083
0 0.442039 0.324281 0.000000 0.000000 0.839122 0.821924 0.000000
0 0.609863 0.324281 0.000000 0.000000 0.839122 0.821924 0.000000
0 0.442039 0.324281 0.000000 0.000000 0.839122 0.821924 0.000000
0 0.609863 0.324281 0.000000 0.000000 0.839122 0.821924 0.000000
0 0.298195 0.488665 0.000000 0.000000 0.898763 0.821924 0.000000
0 0.747578 0.488665 0.000000 0.000000 0.898763 0.821924 0.000000
0 0.298195 0.488665 0.000000 0.000000 0.898763 0.821924 0.000000
0 0.747578 0.488665 0.000000 0.000000 0.898763 0.821924 0.000000
0 0.298195 0.488665 0.000000 0.000000 0.898763 0.821924 0.000000
0 0.747578 0.488665 0.000000 0.000000 0.898763 0.821924 0.000000
0 0.298195 0.488665 0.000000 0.000000 0.898763 0.821924 0.000000
0 0.747578 0.488665 0.000000 0.000000 0.898763 0.821924 0.000000
10 E_ñ⁄_â∫Å™
0.000000
1 0.409900 0.475683 -0.002260 0.023190 0.655377 0.358256 0.000000
1 0.590100 0.475683 0.002260 0.023190 0.655377 0.358256 0.000000
1 0.382148 0.424627 -0.010889 0.024222 0.855386 0.711526 5.880218
1 0.617852 0.424627 0.010889 0.024222 0.855386 0.711526 -5.880219
0 0.442039 0.324281 0.000000 0.000000 0.839122 0.821924 0.000000
0 0.609863 0.324281 0.000000 0.000000 0.839122 0.821924 0.000000
0 0.442039 0.324281 0.000000 0.000000 0.839122 0.821924 0.000000
0 0.609863 0.324281 0.000000 0.000000 0.839122 0.821924 0.000000
0 0.298203 0.488665 0.000000 0.000000 0.898753 0.821924 0.000000
0 0.747578 0.488665 0.000000 0.000000 0.898753 0.821924 0.000000
0 0.298203 0.488665 0.000000 0.000000 0.898753 0.821924 0.000000
0 0.747578 0.488665 0.000000 0.000000 0.898753 0.821924 0.000000
0 0.298203 0.488665 0.000000 0.000000 0.898753 0.821924 0.000000
0 0.747578 0.488665 0.000000 0.000000 0.898753 0.821924 0.000000
0 0.298203 0.488665 0.000000 0.000000 0.898753 0.821924 0.000000
0 0.747578 0.488665 0.000000 0.000000 0.898753 0.821924 0.000000
09 E_å˚_Å©Å® (ÅPÅ\ÅP)
0.000000
1 0.421605 0.324281 -0.020889 0.013960 0.839122 0.821924 0.000000
1 0.578395 0.324281 0.020889 0.013960 0.839122 0.821924 0.000000
1 0.448857 0.400309 -0.006000 0.000000 0.432330 0.328769 0.000000
1 0.546145 0.398254 0.006000 0.000000 0.431899 0.328769 0.000000
1 0.376703 0.396945 -0.025408 0.034602 0.897122 1.013503 16.333954
1 0.623297 0.396945 0.025408 0.034602 0.897122 1.013503 -16.333954
0 0.442039 0.324281 0.000000 0.000000 0.839122 0.821924 0.000000
0 0.609863 0.324281 0.000000 0.000000 0.839122 0.821924 0.000000
0 0.298203 0.488665 0.000000 0.000000 0.898753 0.821924 0.000000
0 0.747578 0.488665 0.000000 0.000000 0.898753 0.821924 0.000000
0 0.298203 0.488665 0.000000 0.000000 0.898753 0.821924 0.000000
0 0.747578 0.488665 0.000000 0.000000 0.898753 0.821924 0.000000
0 0.298203 0.488665 0.000000 0.000000 0.898753 0.821924 0.000000
0 0.747578 0.488665 0.000000 0.000000 0.898753 0.821924 0.000000
0 0.298203 0.488665 0.000000 0.000000 0.898753 0.821924 0.000000
0 0.747578 0.488665 0.000000 0.000000 0.898753 0.821924 0.000000
09 E_å˚_Å®Å© (ÅP-ÅP)
0.000000
1 0.454594 0.326443 0.031334 -0.001540 1.265236 0.503584 0.000000
1 0.545406 0.326443 -0.031334 -0.001540 1.265236 0.503584 0.000000
1 0.369444 0.390025 0.012704 -0.003460 0.614810 1.117365 15.027227
1 0.630556 0.390025 -0.012704 -0.003460 0.614810 1.117365 -15.027222
0 0.442039 0.324281 0.000000 0.000000 0.839122 0.821924 0.000000
0 0.609863 0.324281 0.000000 0.000000 0.839122 0.821924 0.000000
0 0.442039 0.324281 0.000000 0.000000 0.839122 0.821924 0.000000
0 0.609863 0.324281 0.000000 0.000000 0.839122 0.821924 0.000000
0 0.298203 0.488665 0.000000 0.000000 0.898753 0.821924 0.000000
0 0.747578 0.488665 0.000000 0.000000 0.898753 0.821924 0.000000
0 0.298203 0.488665 0.000000 0.000000 0.898753 0.821924 0.000000
0 0.747578 0.488665 0.000000 0.000000 0.898753 0.821924 0.000000
0 0.298203 0.488665 0.000000 0.000000 0.898753 0.821924 0.000000
0 0.747578 0.488665 0.000000 0.000000 0.898753 0.821924 0.000000
0 0.298203 0.488665 0.000000 0.000000 0.898753 0.821924 0.000000
0 0.747578 0.488665 0.000000 0.000000 0.898753 0.821924 0.000000
09 E_å˚_Å´Å™ (ÅPmÅP)
0.000000
1 0.502007 0.351968 0.000000 -0.012190 0.928412 0.407281 -1.306715
1 0.497993 0.298334 0.007260 0.017221 0.896612 0.745799 0.653351
0 0.442039 0.324281 0.000000 0.000000 0.839122 0.821924 0.000000
0 0.609863 0.324281 0.000000 0.000000 0.839122 0.821924 0.000000
0 0.442039 0.324281 0.000000 0.000000 0.839122 0.821924 0.000000
0 0.609863 0.324281 0.000000 0.000000 0.839122 0.821924 0.000000
0 0.442039 0.324281 0.000000 0.000000 0.839122 0.821924 0.000000
0 0.609863 0.324281 0.000000 0.000000 0.839122 0.821924 0.000000
0 0.298204 0.488665 0.000000 0.000000 0.898751 0.821924 0.000000
0 0.747578 0.488665 0.000000 0.000000 0.898751 0.821924 0.000000
0 0.298204 0.488665 0.000000 0.000000 0.898751 0.821924 0.000000
0 0.747578 0.488665 0.000000 0.000000 0.898751 0.821924 0.000000
0 0.298204 0.488665 0.000000 0.000000 0.898751 0.821924 0.000000
0 0.747578 0.488665 0.000000 0.000000 0.898751 0.821924 0.000000
0 0.298204 0.488665 0.000000 0.000000 0.898751 0.821924 0.000000
0 0.747578 0.488665 0.000000 0.000000 0.898751 0.821924 0.000000
09 E_å˚_ÅuÇ†Åv  (ÅPÅ§ÅP)
-0.170000
2 0.468405 0.331823 -0.001633 0.012645 0.597671 0.449453 -15.027191
2 0.531595 0.331823 0.001633 0.012645 0.597671 0.449453 15.027191
1 0.412329 0.322164 -0.013702 0.008364 0.651927 1.303615 -134.600739
1 0.587671 0.322164 0.013702 0.008364 0.651927 1.303615 134.600739
3 0.512630 0.327386 0.031013 -0.016925 1.290101 0.622846 -103.883942
3 0.487370 0.327386 -0.031013 -0.016925 1.290101 0.622846 103.883942
1 0.448632 0.252003 0.001106 -0.014156 1.440717 0.999618 -20.907410
1 0.551368 0.252003 -0.001106 -0.014156 1.440717 0.999618 20.907408
1 0.632562 0.416673 0.012989 0.024586 0.759739 0.844496 -12.241425
1 0.367438 0.416673 -0.012989 0.024586 0.759739 0.844496 12.241425
0 0.498406 0.325352 0.000977 -0.022461 0.607203 0.481620 0.000000
0 0.498553 0.267428 0.001953 -0.014280 1.330474 0.778480 0.000000
0 0.407117 0.531509 0.000565 0.004167 0.656534 0.393510 0.000000
0 0.496278 0.386333 0.000151 0.010742 0.628565 0.153868 0.000000
0 0.298203 0.488665 0.000000 0.000000 0.898753 0.821924 0.000000
0 0.747578 0.488665 0.000000 0.000000 0.898753 0.821924 0.000000
09 E_å˚_ÅuÇ¢Ç¡ÅIÅIÅv
-0.010000
1 0.406996 0.351319 -0.031715 0.013650 1.012704 1.315077 20.000000
1 0.593004 0.351319 0.031715 0.013650 1.012704 1.315077 -20.000000
1 0.434733 0.255068 0.003630 -0.006420 1.507473 0.904115 -70.000000
1 0.565267 0.255068 -0.003630 -0.006420 1.507473 0.904115 70.000000
2 0.467134 0.313032 -0.005820 0.015000 0.657795 0.509651 0.000000
2 0.532866 0.313032 0.005820 0.015000 0.657795 0.509651 0.000000
3 0.483907 0.330770 -0.025190 -0.010190 0.499359 0.567447 -50.000000
3 0.516093 0.330770 0.025190 -0.010190 0.499359 0.567447 50.000000
1 0.469453 0.312596 0.001815 -0.001730 0.329602 0.164485 0.000000
1 0.530547 0.312596 -0.001815 -0.001730 0.329602 0.164485 0.000000
1 0.498231 0.297025 0.001815 0.008651 0.532869 0.365176 0.000000
0 0.496324 0.317786 0.000000 0.008650 0.351381 0.434381 0.000000
3 0.471008 0.333357 -0.001815 -0.008651 0.358641 0.289052 0.000000
3 0.528992 0.333357 0.001815 -0.008651 0.358641 0.289052 0.000000
1 0.489157 0.310866 0.001815 -0.005190 0.387679 0.185246 0.000000
1 0.510843 0.310866 -0.001815 -0.005190 0.387679 0.185246 0.000000
09 E_å˚_ÅuÇ¢Åv
-0.010000
1 0.397922 0.354779 -0.028085 0.011920 1.012704 1.315077 20.000000
1 0.602078 0.354779 0.028085 0.011920 1.012704 1.315077 -20.000000
1 0.434733 0.258528 0.000000 0.000500 1.507477 0.904115 -70.000000
1 0.565267 0.258528 0.000000 0.000500 1.507477 0.904115 70.000000
2 0.481653 0.307842 -0.013080 0.009810 0.679574 0.904115 0.000000
2 0.518347 0.307842 0.013080 0.009810 0.679574 0.904115 0.000000
3 0.487537 0.329040 -0.025190 -0.008460 0.583988 0.657538 -50.000000
3 0.512463 0.329040 0.025190 -0.008460 0.583988 0.657538 50.000000
0 0.311558 0.283184 0.000000 0.000000 0.866808 0.821924 0.000000
0 0.744963 0.283184 0.000000 0.000000 0.866808 0.821924 0.000000
0 0.311558 0.283184 0.000000 0.000000 0.866808 0.821924 0.000000
0 0.744963 0.283184 0.000000 0.000000 0.866808 0.821924 0.000000
0 0.311558 0.283184 0.000000 0.000000 0.866808 0.821924 0.000000
0 0.744963 0.283184 0.000000 0.000000 0.866808 0.821924 0.000000
0 0.311558 0.283184 0.000000 0.000000 0.866808 0.821924 0.000000
0 0.744963 0.283184 0.000000 0.000000 0.866808 0.821924 0.000000
09 E_å˚_ÅuÇ§ÅAÇ¶Åv
-0.040000
1 0.404207 0.322226 0.005000 -0.002500 0.588257 0.575347 -50.000000
1 0.599374 0.324281 -0.007500 0.000000 0.587385 0.575347 50.000000
1 0.449989 0.258528 0.010000 -0.012500 1.507477 0.904115 -70.000000
1 0.565267 0.258528 -0.010000 -0.014500 1.507477 0.904115 70.000000
2 0.494546 0.322226 -0.005000 0.007500 0.420183 0.739731 30.000000
2 0.505051 0.322226 0.002500 0.007500 0.420183 0.739731 -30.000000
3 0.489884 0.301679 -0.015445 -0.010190 0.682868 0.739731 -50.000000
3 0.510116 0.301679 0.015445 -0.010190 0.682868 0.739731 50.000000
0 0.311558 0.283184 0.000000 0.000000 0.866808 0.821924 0.000000
0 0.744963 0.283184 0.000000 0.000000 0.866808 0.821924 0.000000
0 0.311558 0.283184 0.000000 0.000000 0.866808 0.821924 0.000000
0 0.744963 0.283184 0.000000 0.000000 0.866808 0.821924 0.000000
0 0.311558 0.283184 0.000000 0.000000 0.866808 0.821924 0.000000
0 0.744963 0.283184 0.000000 0.000000 0.866808 0.821924 0.000000
0 0.311558 0.283184 0.000000 0.000000 0.866808 0.821924 0.000000
0 0.744963 0.283184 0.000000 0.000000 0.866808 0.821924 0.000000
09 E_å˚_ÅuÇ¶Åv
-0.050000
1 0.389139 0.365377 0.000000 0.012500 1.019426 1.315077 30.000000
1 0.609889 0.361267 0.000000 0.017500 1.017203 1.315077 -30.000000
1 0.450156 0.272911 0.007500 -0.025000 1.487104 0.904115 -70.000000
1 0.561500 0.274965 -0.005000 -0.027000 1.484332 0.904115 70.000000
2 0.471627 0.307842 -0.020000 0.015000 0.679574 0.821924 110.000000
2 0.520470 0.307842 0.020000 0.017500 0.679574 0.821924 -110.000000
3 0.489906 0.332500 -0.015000 -0.007500 0.667415 0.739731 -80.000000
3 0.508834 0.332500 0.022500 -0.010000 0.667415 0.739731 80.000000
0 0.311558 0.283184 0.000000 0.000000 0.866808 0.821924 0.000000
0 0.744963 0.283184 0.000000 0.000000 0.866808 0.821924 0.000000
0 0.311558 0.283184 0.000000 0.000000 0.866808 0.821924 0.000000
0 0.744963 0.283184 0.000000 0.000000 0.866808 0.821924 0.000000
0 0.311558 0.283184 0.000000 0.000000 0.866808 0.821924 0.000000
0 0.744963 0.283184 0.000000 0.000000 0.866808 0.821924 0.000000
0 0.311558 0.283184 0.000000 0.000000 0.866808 0.821924 0.000000
0 0.744963 0.283184 0.000000 0.000000 0.866808 0.821924 0.000000
09 E_å˚_ÅuÇ§ÅAÇ®Åv (ÅPoÅP)
-0.090000
0 -0.049015 0.131448 0.001485 0.077968 4.076607 4.584169 5.000000
0 0.488659 0.520656 -0.001779 0.010969 3.493059 3.939741 -5.000000
1 0.420990 0.326011 0.025408 -0.003460 1.027870 0.946491 0.000000
1 0.579010 0.326011 -0.025408 -0.003460 1.027870 0.946491 0.000000
2 0.482051 0.329903 0.007223 0.002119 0.490379 0.798502 -7.785858
2 0.517949 0.329903 -0.007223 0.002119 0.490379 0.798502 7.785858
3 0.481732 0.286219 0.000445 -0.010190 1.124106 0.691140 -89.401093
3 0.518268 0.286219 -0.000445 -0.010190 1.124106 0.691140 89.401093
1 0.498491 0.260693 -0.001815 0.017301 0.866483 0.579463 0.653365
0 0.744963 0.283184 0.000000 0.000000 0.866808 0.821924 0.000000
1 0.434970 0.264153 0.000000 -0.006920 0.656274 1.513965 30.054453
1 0.565030 0.264153 0.000000 -0.006920 0.656274 1.513965 -30.054443
1 0.353300 0.402561 0.009074 -0.003460 0.373730 0.813623 11.760435
1 0.646700 0.402561 -0.009074 -0.003460 0.373730 0.813623 -11.760437
0 0.311558 0.283184 0.000000 0.000000 0.866808 0.821924 0.000000
0 0.744963 0.283184 0.000000 0.000000 0.866808 0.821924 0.000000
09 E_å˚_äJÅ™Å´
-0.400000
3 0.468759 0.276377 -0.010508 -0.038554 1.078135 3.698710 -12.500000
3 0.541379 0.278262 0.010977 -0.037186 1.044258 3.720048 12.500000
3 0.427176 0.324887 0.018322 -0.003281 0.852506 0.786359 0.000000
3 0.587687 0.317807 -0.015858 -0.003007 0.881767 0.784936 0.000000
2 0.479912 0.342027 -0.001953 0.004882 0.581492 0.820500 0.000000
2 0.515052 0.341693 0.000978 0.005897 0.881615 0.821924 0.000000
2 0.501804 0.234770 0.000978 -0.040038 2.401331 0.964181 0.000000
0 0.504001 0.274278 -0.000196 -0.011680 0.846789 0.456320 0.000000
2 0.415589 0.318559 0.008789 -0.044923 0.817054 0.779720 -62.500000
2 0.587756 0.315934 -0.007812 -0.041017 0.996068 0.779720 62.500000
1 0.336013 0.283375 0.005860 0.000976 1.042781 1.949746 25.000000
1 0.661100 0.273056 -0.004570 -0.001523 1.077274 1.936943 -25.000000
0 0.308838 0.283184 0.000000 0.000000 0.871969 0.821924 0.000000
0 0.744822 0.283184 0.000000 0.000000 0.871969 0.821924 0.000000
0 0.308838 0.283184 0.000000 0.000000 0.871969 0.821924 0.000000
0 0.744822 0.283184 0.000000 0.000000 0.871969 0.821924 0.000000
09 E_å˚_è„â∫Ç…äöÇﬁ
0.000000
1 0.370307 0.376279 0.000991 -0.004348 0.869635 1.245920 30.000000
1 0.629693 0.376279 -0.000991 -0.004348 0.869635 1.245920 -30.000000
1 0.442945 0.283813 0.008491 -0.024009 1.694013 1.097075 -70.000000
1 0.557055 0.283813 -0.008491 -0.024009 1.694013 1.097075 70.000000
1 0.426795 0.318745 0.012775 0.005089 1.105801 0.836016 110.000000
1 0.573205 0.318745 -0.012775 0.005089 1.105801 0.836016 -110.000000
1 0.315476 0.309705 0.005813 -0.007500 1.675938 1.322714 -80.000000
1 0.684524 0.309705 -0.005813 -0.007500 1.675938 1.322714 80.000000
0 0.323756 0.283184 0.000000 0.000000 0.809336 0.821923 0.000000
0 0.728424 0.283184 0.000000 0.000000 0.809336 0.821923 0.000000
0 0.323756 0.283184 0.000000 0.000000 0.809336 0.821923 0.000000
0 0.728424 0.283184 0.000000 0.000000 0.809336 0.821923 0.000000
0 0.323756 0.283184 0.000000 0.000000 0.809336 0.821923 0.000000
0 0.728424 0.283184 0.000000 0.000000 0.809336 0.821923 0.000000
0 0.323756 0.283184 0.000000 0.000000 0.809336 0.821923 0.000000
0 0.728424 0.283184 0.000000 0.000000 0.809336 0.821923 0.000000
09 E_å˚_éïÅ´
-0.300000
0 -0.167606 0.110734 -0.003828 0.086758 4.918941 4.247873 -2.500000
0 1.227012 0.102966 0.002422 0.090547 5.071854 4.300509 2.500000
0 0.491770 0.327741 0.009074 -0.062284 0.839122 0.821924 0.000000
0 0.609863 0.324281 0.000000 0.000000 0.839122 0.821924 0.000000
0 0.484182 0.316062 -0.017500 0.012500 0.675346 0.821924 -30.000000
0 0.517949 0.316062 0.020000 0.012500 0.675346 0.821924 30.000000
0 0.467213 0.324281 -0.005000 -0.005000 0.419560 0.821924 -60.000000
0 0.525950 0.324281 0.005000 -0.002500 0.419560 0.821924 60.000000
0 0.311558 0.283184 0.000000 0.000000 0.866808 0.821924 0.000000
0 0.744963 0.283184 0.000000 0.000000 0.866808 0.821924 0.000000
0 0.311558 0.283184 0.000000 0.000000 0.866808 0.821924 0.000000
0 0.744963 0.283184 0.000000 0.000000 0.866808 0.821924 0.000000
0 0.311558 0.283184 0.000000 0.000000 0.866808 0.821924 0.000000
0 0.744963 0.283184 0.000000 0.000000 0.866808 0.821924 0.000000
0 0.311558 0.283184 0.000000 0.000000 0.866808 0.821924 0.000000
0 0.744963 0.283184 0.000000 0.000000 0.866808 0.821924 0.000000
09 E_å˚_ÅuÇﬁÅ[Åv
0.000000
3 0.470922 0.329903 -0.010408 0.015761 0.727115 0.441112 -2.613434
3 0.529078 0.329903 0.010408 0.015761 0.727115 0.441112 2.613434
2 0.498291 0.341582 0.000000 0.010381 0.819783 0.248835 -1.960071
0 0.585191 0.564765 0.000000 0.012111 0.814109 0.414828 1.960083
1 0.388322 0.350233 -0.012704 -0.015571 0.722969 0.932651 0.000000
1 0.611678 0.350233 0.012704 -0.015571 0.722969 0.932651 0.000000
1 0.497215 0.282759 0.007260 0.019031 0.788302 0.316734 0.000000
0 0.609863 0.324281 0.000000 0.000000 0.839122 0.821924 0.000000
0 0.298188 0.488665 0.000000 0.000000 0.898770 0.821924 0.000000
0 0.747578 0.488665 0.000000 0.000000 0.898770 0.821924 0.000000
0 0.298188 0.488665 0.000000 0.000000 0.898770 0.821924 0.000000
0 0.747578 0.488665 0.000000 0.000000 0.898770 0.821924 0.000000
0 0.298188 0.488665 0.000000 0.000000 0.898770 0.821924 0.000000
0 0.747578 0.488665 0.000000 0.000000 0.898770 0.821924 0.000000
0 0.298188 0.488665 0.000000 0.000000 0.898770 0.821924 0.000000
0 0.747578 0.488665 0.000000 0.000000 0.898770 0.821924 0.000000
09 E_å˚ (ÅPÇ÷ÅP) 
0.000000
2 0.502007 0.348508 -0.001815 -0.012190 0.931095 0.289665 -1.306715
3 0.499808 0.260273 0.000000 0.012031 0.931086 0.289665 1.306702
1 0.483781 0.272378 0.001815 0.013841 0.839113 0.628152 0.000000
1 0.516219 0.272378 -0.001815 0.013841 0.839113 0.628152 0.000000
1 0.429335 0.329471 -0.014519 -0.006920 0.839122 0.821924 0.000000
1 0.570665 0.329471 0.014519 -0.006920 0.839122 0.821924 0.000000
1 0.414816 0.336392 0.001815 -0.025952 0.432588 0.558948 0.000000
1 0.585184 0.336392 -0.001815 -0.025952 0.432588 0.558948 0.000000
1 0.354467 0.305274 0.000000 -0.015571 0.898750 0.821924 0.000000
1 0.645533 0.305274 0.000000 -0.015571 0.898750 0.821924 0.000000
1 0.376245 0.372748 -0.009074 -0.003460 0.898759 0.821924 0.000000
1 0.623755 0.372748 0.009074 -0.003460 0.898759 0.821924 0.000000
0 0.298197 0.488665 0.000000 0.000000 0.898759 0.821924 0.000000
0 0.747578 0.488665 0.000000 0.000000 0.898759 0.821924 0.000000
0 0.298197 0.488665 0.000000 0.000000 0.898759 0.821924 0.000000
0 0.747578 0.488665 0.000000 0.000000 0.898759 0.821924 0.000000
09 E_å˚ (ÅPÑDÅP) 
-0.270000
1 0.581852 0.327315 0.007223 -0.027284 0.991880 1.603366 -34.201477
1 0.418148 0.327315 -0.007223 -0.027284 0.991880 1.603366 34.201477
2 0.478290 0.324271 0.007500 0.029904 0.742846 0.428712 -70.000000
2 0.521710 0.324271 -0.007500 0.029904 0.742846 0.428712 70.000000
2 0.415982 0.325143 0.005409 -0.009221 0.372243 0.308864 -30.000000
2 0.584018 0.325143 -0.005409 -0.009221 0.372243 0.308864 30.000000
3 0.480276 0.329040 -0.020685 -0.023841 0.605430 0.892698 13.375702
3 0.519724 0.329040 0.020685 -0.023841 0.605430 0.892698 -13.375702
3 0.426036 0.312194 0.005445 0.015960 0.550303 0.328769 0.000000
3 0.573964 0.312194 -0.005445 0.015960 0.550303 0.328769 0.000000
1 0.386186 0.320743 0.010444 0.000191 0.632697 0.748534 -175.898376
1 0.613814 0.320743 -0.010444 0.000191 0.632697 0.748534 175.898376
2 0.462958 0.331662 -0.008630 0.002690 0.580662 0.309813 12.413788
2 0.537042 0.331662 0.008630 0.002690 0.580662 0.309813 -12.413788
1 0.534156 0.274012 0.011778 -0.019032 1.177170 0.924629 28.747711
1 0.465844 0.274012 -0.011778 -0.019032 1.177170 0.924629 -28.747725
09 E_å˚_ Éw
0.000000
1 0.482059 0.312175 0.001814 0.013761 0.806460 0.476914 -0.653351
1 0.517941 0.312175 -0.001814 0.013761 0.806460 0.476914 0.653351
1 0.416631 0.327741 -0.025408 -0.003460 0.716919 1.540184 37.894733
1 0.583369 0.327741 0.025408 -0.003460 0.716919 1.540184 -37.894745
1 0.499030 0.357153 0.000000 -0.005190 0.773786 0.150644 0.000000
1 0.499155 0.287949 0.003630 0.013841 0.577779 0.261370 0.000000
3 0.500845 0.312170 0.000000 -0.025952 0.664893 0.164485 0.000000
0 0.609863 0.324281 0.000000 0.000000 0.839122 0.821924 0.000000
1 0.416161 0.343336 -0.001815 -0.012111 0.361560 0.330575 0.000000
1 0.583839 0.343336 0.001815 -0.012111 0.361560 0.330575 0.000000
1 0.499246 0.346797 -0.001815 -0.010381 0.296225 0.129883 0.000000
0 0.747578 0.488665 0.000000 0.000000 0.898769 0.821924 0.000000
0 0.298189 0.488665 0.000000 0.000000 0.898769 0.821924 0.000000
0 0.747578 0.488665 0.000000 0.000000 0.898769 0.821924 0.000000
0 0.298189 0.488665 0.000000 0.000000 0.898769 0.821924 0.000000
0 0.747578 0.488665 0.000000 0.000000 0.898769 0.821924 0.000000
09 E_å˚_êOäö
0.000000
1 0.525617 0.346777 -0.000001 -0.015651 0.622776 0.285224 -0.653351
1 0.474383 0.346777 0.000001 -0.015651 0.622776 0.285224 0.653351
1 0.420260 0.320821 -0.012704 0.003460 0.548998 1.024266 28.747723
1 0.579740 0.320821 0.012704 0.003460 0.548998 1.024266 -28.747711
3 0.454743 0.293139 0.016334 0.020761 0.773786 0.385938 0.000000
3 0.545257 0.293139 -0.016334 0.020761 0.773786 0.385938 0.000000
1 0.498300 0.331201 0.000000 -0.006920 0.251100 0.143723 0.000000
0 0.609863 0.324281 0.000000 0.000000 0.839122 0.821924 0.000000
1 0.606324 0.338146 -0.003630 0.015571 0.482147 0.420399 -11.760429
1 0.393676 0.338146 0.003630 0.015571 0.482147 0.420399 11.760437
1 0.497829 0.275862 0.000000 0.020761 0.782611 0.482824 0.000000
0 0.747578 0.488665 0.000000 0.000000 0.898769 0.821924 0.000000
0 0.298189 0.488665 0.000000 0.000000 0.898769 0.821924 0.000000
0 0.747578 0.488665 0.000000 0.000000 0.898769 0.821924 0.000000
0 0.298189 0.488665 0.000000 0.000000 0.898769 0.821924 0.000000
0 0.747578 0.488665 0.000000 0.000000 0.898769 0.821924 0.000000
09 E_å˚_äJÅ™Å´
-0.520000
3 0.472389 0.295408 -0.026842 -0.050665 1.159128 3.630847 -7.926504
3 0.527611 0.295408 0.026842 -0.050665 1.159128 3.630847 7.926514
3 0.427176 0.324887 0.020137 -0.003281 0.852506 0.786359 0.000000
3 0.572824 0.324887 -0.020137 -0.003281 0.852506 0.786359 0.000000
2 0.472652 0.324726 -0.016472 0.020453 0.581492 0.820500 0.000000
2 0.527348 0.324726 0.016472 0.020453 0.581492 0.820500 0.000000
2 0.532297 0.231025 0.009270 -0.030711 1.442070 0.919988 0.000000
2 0.467703 0.231025 -0.009270 -0.030711 1.442070 0.919988 0.000000
2 0.412244 0.315934 0.009627 -0.041017 0.996068 0.779720 -62.500000
2 0.587756 0.315934 -0.009627 -0.041017 0.996068 0.779720 62.500000
1 0.336013 0.283375 0.005860 0.000976 1.042781 1.949746 25.000000
1 0.661100 0.273056 -0.004570 -0.001523 1.077274 1.936943 -25.000000
0 0.308838 0.283184 0.000000 0.000000 0.871969 0.821924 0.000000
0 0.744822 0.283184 0.000000 0.000000 0.871969 0.821924 0.000000
0 0.308838 0.283184 0.000000 0.000000 0.871969 0.821924 0.000000
0 0.744822 0.283184 0.000000 0.000000 0.871969 0.821924 0.000000
13 E_èŒ_01
-0.060000
1 0.389139 0.365377 -0.020000 0.035000 1.104377 1.397269 20.000000
1 0.610256 0.373597 0.020000 0.032500 1.109130 1.397269 -20.000000
1 0.449989 0.258528 0.007500 -0.020000 1.507477 0.904115 -70.000000
1 0.565267 0.258528 -0.007500 -0.022000 1.507477 0.904115 70.000000
2 0.475873 0.307842 -0.020000 0.015000 0.679574 0.821924 -30.000000
2 0.518347 0.307842 0.020000 0.015000 0.679574 0.821924 30.000000
3 0.487977 0.332500 -0.022500 -0.007500 0.667415 0.739731 -50.000000
3 0.508834 0.332500 0.022500 -0.010000 0.667415 0.739731 50.000000
1 0.409702 0.488665 0.000000 0.012500 0.898753 0.328769 0.000000
1 0.590298 0.488665 0.000000 0.012500 0.898753 0.328769 0.000000
1 0.364407 0.531816 0.005000 -0.005000 0.456762 0.328769 -40.000000
1 0.631425 0.521542 -0.005000 -0.002500 0.455055 0.328769 40.000000
1 0.361331 0.513323 -0.005000 -0.002500 0.907334 0.821924 0.000000
1 0.635575 0.503049 0.005000 -0.002500 0.903799 0.821924 0.000000
1 0.448857 0.400309 -0.004555 0.000000 0.432330 0.328769 0.000000
1 0.551143 0.400309 0.004555 0.000000 0.432330 0.328769 0.000000
13 E_ç¢
-0.050000
1 0.581852 0.358457 0.001779 -0.006522 0.947126 1.772613 -27.014526
1 0.418148 0.358457 -0.001779 -0.006522 0.947126 1.772613 27.014532
2 0.427473 0.365794 -0.001575 -0.009889 0.742846 0.428712 -70.000000
2 0.572527 0.365794 0.001575 -0.009889 0.742846 0.428712 70.000000
2 0.457724 0.349364 0.001779 -0.007491 0.503540 0.720291 -88.802177
2 0.542276 0.349364 -0.001779 -0.007491 0.503540 0.720291 88.802185
3 0.482091 0.266756 -0.004351 0.024602 0.579430 0.877538 13.375702
3 0.517909 0.266756 0.004351 0.024602 0.579430 0.877538 -13.375702
1 0.415147 0.493855 0.000000 0.007310 0.550306 0.328769 0.000000
1 0.584853 0.493855 0.000000 0.007310 0.550306 0.328769 0.000000
1 0.406141 0.535276 -0.000445 -0.008460 0.849818 0.241768 -173.938293
1 0.593850 0.535276 0.000445 -0.008460 0.849818 0.241768 173.938293
1 0.383101 0.535814 -0.005000 -0.004230 0.725855 0.372097 0.000000
1 0.616890 0.535814 0.005000 -0.004230 0.725855 0.372097 0.000000
1 0.390771 0.573320 -0.011815 -0.020762 0.947288 0.404401 16.333923
1 0.609220 0.573320 0.011815 -0.020762 0.947288 0.404401 -16.333923
14 E_xèkè¨l
0.000000
1 0.705605 0.935008 -0.078965 0.001349 4.000062 4.000000 0.000000
1 0.294391 0.935008 0.078965 0.001349 4.000062 4.000000 0.000000
1 0.300034 0.611381 0.066596 0.000000 4.000041 4.000000 0.000000
1 0.699964 0.611381 -0.066596 0.000000 4.000041 4.000000 0.000000
1 0.299997 0.213554 0.076225 0.000000 3.999968 4.000000 36.588013
1 0.700005 0.213554 -0.076225 0.000000 3.999968 4.000000 -36.588013
1 0.027749 0.919437 0.243194 -0.003460 4.000056 4.000000 0.000000
1 0.972247 0.919437 -0.243194 -0.003460 4.000056 4.000000 0.000000
1 0.960231 0.592473 -0.174228 0.006920 4.000040 4.000000 0.000000
1 0.039767 0.592473 0.174228 0.006920 4.000040 4.000000 0.000000
1 0.038265 0.274133 0.159710 0.000000 3.999988 4.000000 18.294006
1 0.961735 0.274133 -0.159710 0.000000 3.999988 4.000000 -18.294006
1 0.025988 0.007697 0.159710 -0.003460 3.999862 4.000000 0.000000
1 0.974014 0.007697 -0.159710 -0.003460 3.999862 4.000000 0.000000
1 0.150788 0.381400 0.039927 0.003460 3.541229 4.000000 0.000000
1 0.849212 0.381400 -0.039927 0.003460 3.541229 4.000000 0.000000
14 E_Yèkè¨
0.000000
1 0.029490 0.801469 0.000547 -0.074418 4.000026 4.000000 0.000000
1 0.970508 0.801469 -0.000547 -0.074418 4.000026 4.000000 0.000000
1 0.324254 0.893619 0.000000 -0.096886 4.000030 4.000000 0.000000
1 0.675742 0.893619 0.000000 -0.096886 4.000030 4.000000 0.000000
1 0.084696 0.201577 0.000000 0.065744 3.999984 4.000000 0.000000
1 0.915306 0.201577 0.000000 0.065744 3.999984 4.000000 0.000000
1 0.364188 0.149674 0.000000 0.076125 3.999974 4.000000 0.000000
1 0.635814 0.149674 0.000000 0.076125 3.999974 4.000000 0.000000
0 0.272483 0.482760 0.000000 0.000000 0.995526 0.921489 0.000000
0 0.770254 0.482760 0.000000 0.000000 0.995526 0.921489 0.000000
0 0.272483 0.482760 0.000000 0.000000 0.995526 0.921489 0.000000
0 0.770254 0.482760 0.000000 0.000000 0.995526 0.921489 0.000000
0 0.272483 0.482760 0.000000 0.000000 0.995526 0.921489 0.000000
0 0.770254 0.482760 0.000000 0.000000 0.995526 0.921489 0.000000
1 0.498474 0.549505 0.000000 -0.011719 3.582402 0.621319 0.000000
0 0.770254 0.482760 0.000000 0.000000 3.627408 0.621319 0.000000
