faceanim:3
32
0.332500
0.334900
0.513323
0.512029
0.433750
0.567233
0.413510
0.585900
微笑み
0.000000
1 0.417687 0.324281 -0.010000 0.010000 0.830292 0.821923 0.000000
1 0.577518 0.324281 0.010000 0.010500 0.830292 0.821923 0.000000
1 0.448857 0.400308 -0.006000 0.000000 0.432331 0.328770 0.000000
1 0.546144 0.398254 0.006000 0.000000 0.431899 0.328770 0.000000
0 0.442596 0.324281 0.000000 0.000000 0.830292 0.821923 0.000000
0 0.608654 0.324281 0.000000 0.000000 0.830292 0.821923 0.000000
0 0.442596 0.324281 0.000000 0.000000 0.830292 0.821923 0.000000
0 0.608654 0.324281 0.000000 0.000000 0.830292 0.821923 0.000000
0 0.298189 0.488666 0.000000 0.000000 0.898763 0.821923 0.000000
0 0.747579 0.488666 0.000000 0.000000 0.898763 0.821923 0.000000
0 0.298189 0.488666 0.000000 0.000000 0.898763 0.821923 0.000000
0 0.747579 0.488666 0.000000 0.000000 0.898763 0.821923 0.000000
0 0.298189 0.488666 0.000000 0.000000 0.898763 0.821923 0.000000
0 0.747579 0.488666 0.000000 0.000000 0.898763 0.821923 0.000000
0 0.298189 0.488666 0.000000 0.000000 0.898763 0.821923 0.000000
0 0.747579 0.488666 0.000000 0.000000 0.898763 0.821923 0.000000
口をすぼめる
0.000000
1 0.467889 0.316062 0.015000 -0.005000 0.826246 0.821923 0.000000
1 0.542251 0.316062 -0.010000 -0.005000 0.826246 0.821923 0.000000
0 0.442596 0.324281 0.000000 0.000000 0.830292 0.821923 0.000000
0 0.608654 0.324281 0.000000 0.000000 0.830292 0.821923 0.000000
0 0.442596 0.324281 0.000000 0.000000 0.830292 0.821923 0.000000
0 0.608654 0.324281 0.000000 0.000000 0.830292 0.821923 0.000000
0 0.442596 0.324281 0.000000 0.000000 0.830292 0.821923 0.000000
0 0.608654 0.324281 0.000000 0.000000 0.830292 0.821923 0.000000
0 0.298189 0.488666 0.000000 0.000000 0.898763 0.821923 0.000000
0 0.747579 0.488666 0.000000 0.000000 0.898763 0.821923 0.000000
0 0.298189 0.488666 0.000000 0.000000 0.898763 0.821923 0.000000
0 0.747579 0.488666 0.000000 0.000000 0.898763 0.821923 0.000000
0 0.298189 0.488666 0.000000 0.000000 0.898763 0.821923 0.000000
0 0.747579 0.488666 0.000000 0.000000 0.898763 0.821923 0.000000
0 0.298189 0.488666 0.000000 0.000000 0.898763 0.821923 0.000000
0 0.747579 0.488666 0.000000 0.000000 0.898763 0.821923 0.000000
目を見開く
0.000000
1 0.400222 0.579077 0.000000 0.012500 0.928508 0.821923 0.000000
1 0.585919 0.587296 0.000000 0.013000 0.930992 0.821923 0.000000
0 0.442596 0.324281 0.000000 0.000000 0.830292 0.821923 0.000000
0 0.608654 0.324281 0.000000 0.000000 0.830292 0.821923 0.000000
0 0.442596 0.324281 0.000000 0.000000 0.830292 0.821923 0.000000
0 0.608654 0.324281 0.000000 0.000000 0.830292 0.821923 0.000000
0 0.442596 0.324281 0.000000 0.000000 0.830292 0.821923 0.000000
0 0.608654 0.324281 0.000000 0.000000 0.830292 0.821923 0.000000
0 0.298189 0.488666 0.000000 0.000000 0.898763 0.821923 0.000000
0 0.747579 0.488666 0.000000 0.000000 0.898763 0.821923 0.000000
0 0.298189 0.488666 0.000000 0.000000 0.898763 0.821923 0.000000
0 0.747579 0.488666 0.000000 0.000000 0.898763 0.821923 0.000000
0 0.298189 0.488666 0.000000 0.000000 0.898763 0.821923 0.000000
0 0.747579 0.488666 0.000000 0.000000 0.898763 0.821923 0.000000
0 0.298189 0.488666 0.000000 0.000000 0.898763 0.821923 0.000000
0 0.747579 0.488666 0.000000 0.000000 0.898763 0.821923 0.000000
目を細める
0.000000
1 0.382971 0.439350 0.002500 0.017500 0.880432 0.821923 0.000000
1 0.611879 0.439350 -0.005000 0.018000 0.880432 0.821923 0.000000
0 0.442596 0.324281 0.000000 0.000000 0.830292 0.821923 0.000000
0 0.608654 0.324281 0.000000 0.000000 0.830292 0.821923 0.000000
0 0.442596 0.324281 0.000000 0.000000 0.830292 0.821923 0.000000
0 0.608654 0.324281 0.000000 0.000000 0.830292 0.821923 0.000000
0 0.442596 0.324281 0.000000 0.000000 0.830292 0.821923 0.000000
0 0.608654 0.324281 0.000000 0.000000 0.830292 0.821923 0.000000
0 0.298189 0.488666 0.000000 0.000000 0.898763 0.821923 0.000000
0 0.747579 0.488666 0.000000 0.000000 0.898763 0.821923 0.000000
0 0.298189 0.488666 0.000000 0.000000 0.898763 0.821923 0.000000
0 0.747579 0.488666 0.000000 0.000000 0.898763 0.821923 0.000000
0 0.298189 0.488666 0.000000 0.000000 0.898763 0.821923 0.000000
0 0.747579 0.488666 0.000000 0.000000 0.898763 0.821923 0.000000
0 0.298189 0.488666 0.000000 0.000000 0.898763 0.821923 0.000000
0 0.747579 0.488666 0.000000 0.000000 0.898763 0.821923 0.000000
呼吸で胸が動く
0.000000
0 0.408488 0.168115 -0.007500 -0.007500 0.739169 0.554186 0.000000
1 0.501069 0.168115 0.000000 0.012500 0.739169 0.554186 0.000000
1 0.276141 0.091556 0.000000 0.010000 1.831554 1.707515 0.000000
1 0.707745 0.091556 0.000000 0.010000 1.831554 1.707515 0.000000
0 0.442596 0.324281 0.000000 0.000000 0.830292 0.821923 0.000000
0 0.608654 0.324281 0.000000 0.000000 0.830292 0.821923 0.000000
0 0.442596 0.324281 0.000000 0.000000 0.830292 0.821923 0.000000
0 0.608654 0.324281 0.000000 0.000000 0.830292 0.821923 0.000000
0 0.298189 0.488666 0.000000 0.000000 0.898763 0.821923 0.000000
0 0.747579 0.488666 0.000000 0.000000 0.898763 0.821923 0.000000
0 0.298189 0.488666 0.000000 0.000000 0.898763 0.821923 0.000000
0 0.747579 0.488666 0.000000 0.000000 0.898763 0.821923 0.000000
0 0.298189 0.488666 0.000000 0.000000 0.898763 0.821923 0.000000
0 0.747579 0.488666 0.000000 0.000000 0.898763 0.821923 0.000000
0 0.298189 0.488666 0.000000 0.000000 0.898763 0.821923 0.000000
0 0.747579 0.488666 0.000000 0.000000 0.898763 0.821923 0.000000
母音の'い'と'え'
-0.010000
1 0.393907 0.359213 -0.007500 0.005000 1.016086 1.315077 20.000000
1 0.607523 0.353048 0.005000 0.005000 1.012705 1.315077 -20.000000
1 0.454691 0.258527 0.000000 0.000000 1.352899 0.904115 -70.000000
1 0.558149 0.258527 0.000000 0.000500 1.352899 0.904115 70.000000
2 0.476495 0.307843 -0.020000 0.010000 0.657704 0.904115 0.000000
2 0.517602 0.307843 0.020000 0.015000 0.657704 0.904115 0.000000
3 0.487977 0.332500 -0.012500 -0.012500 0.583988 0.657538 -50.000000
3 0.508834 0.332500 0.020000 -0.005000 0.583988 0.657538 50.000000
0 0.323756 0.283184 0.000000 0.000000 0.809336 0.821923 0.000000
0 0.728424 0.283184 0.000000 0.000000 0.809336 0.821923 0.000000
0 0.323756 0.283184 0.000000 0.000000 0.809336 0.821923 0.000000
0 0.728424 0.283184 0.000000 0.000000 0.809336 0.821923 0.000000
0 0.323756 0.283184 0.000000 0.000000 0.809336 0.821923 0.000000
0 0.728424 0.283184 0.000000 0.000000 0.809336 0.821923 0.000000
0 0.323756 0.283184 0.000000 0.000000 0.809336 0.821923 0.000000
0 0.728424 0.283184 0.000000 0.000000 0.809336 0.821923 0.000000
母音の'う'と'お'
-0.050000
1 0.405404 0.322226 0.005000 -0.002500 0.580501 0.575346 -50.000000
1 0.598275 0.324281 -0.007500 0.000000 0.581204 0.575346 50.000000
1 0.454691 0.258527 0.010000 -0.012500 1.352899 0.904115 -70.000000
1 0.558149 0.258527 -0.010000 -0.014500 1.352899 0.904115 70.000000
2 0.494552 0.322226 -0.005000 0.007500 0.414643 0.739730 30.000000
2 0.504918 0.322226 0.002500 0.007500 0.414643 0.739730 -30.000000
3 0.486992 0.301678 -0.005000 -0.005000 0.655195 0.739730 -50.000000
3 0.509514 0.301678 0.010000 -0.005000 0.655195 0.739730 50.000000
0 0.323756 0.283184 0.000000 0.000000 0.809336 0.821923 0.000000
0 0.728424 0.283184 0.000000 0.000000 0.809336 0.821923 0.000000
0 0.323756 0.283184 0.000000 0.000000 0.809336 0.821923 0.000000
0 0.728424 0.283184 0.000000 0.000000 0.809336 0.821923 0.000000
0 0.323756 0.283184 0.000000 0.000000 0.809336 0.821923 0.000000
0 0.728424 0.283184 0.000000 0.000000 0.809336 0.821923 0.000000
0 0.323756 0.283184 0.000000 0.000000 0.809336 0.821923 0.000000
0 0.728424 0.283184 0.000000 0.000000 0.809336 0.821923 0.000000
母音の'あ'
-0.080000
1 0.389138 0.365377 0.000000 0.012500 1.019425 1.315077 30.000000
1 0.609889 0.361267 0.000000 0.017500 1.017204 1.315077 -30.000000
1 0.453847 0.272911 0.007500 -0.025000 1.366441 0.904115 -70.000000
1 0.556354 0.274965 -0.005000 -0.027000 1.368340 0.904115 70.000000
2 0.472385 0.307843 -0.020000 0.015000 0.657704 0.821923 110.000000
2 0.519657 0.307843 0.020000 0.017500 0.657704 0.821923 -110.000000
3 0.489906 0.332500 -0.015000 -0.007500 0.667415 0.739730 -80.000000
3 0.508834 0.332500 0.022500 -0.010000 0.667415 0.739730 80.000000
0 0.323756 0.283184 0.000000 0.000000 0.809336 0.821923 0.000000
0 0.728424 0.283184 0.000000 0.000000 0.809336 0.821923 0.000000
0 0.323756 0.283184 0.000000 0.000000 0.809336 0.821923 0.000000
0 0.728424 0.283184 0.000000 0.000000 0.809336 0.821923 0.000000
0 0.323756 0.283184 0.000000 0.000000 0.809336 0.821923 0.000000
0 0.728424 0.283184 0.000000 0.000000 0.809336 0.821923 0.000000
0 0.323756 0.283184 0.000000 0.000000 0.809336 0.821923 0.000000
0 0.728424 0.283184 0.000000 0.000000 0.809336 0.821923 0.000000
目を細める
0.000000
1 0.382971 0.439350 0.002500 0.017500 0.880432 0.821923 0.000000
1 0.611879 0.439350 -0.005000 0.018000 0.880432 0.821923 0.000000
0 0.442596 0.324281 0.000000 0.000000 0.830292 0.821923 0.000000
0 0.608654 0.324281 0.000000 0.000000 0.830292 0.821923 0.000000
0 0.442596 0.324281 0.000000 0.000000 0.830292 0.821923 0.000000
0 0.608654 0.324281 0.000000 0.000000 0.830292 0.821923 0.000000
0 0.442596 0.324281 0.000000 0.000000 0.830292 0.821923 0.000000
0 0.608654 0.324281 0.000000 0.000000 0.830292 0.821923 0.000000
0 0.298189 0.488666 0.000000 0.000000 0.898763 0.821923 0.000000
0 0.747579 0.488666 0.000000 0.000000 0.898763 0.821923 0.000000
0 0.298189 0.488666 0.000000 0.000000 0.898763 0.821923 0.000000
0 0.747579 0.488666 0.000000 0.000000 0.898763 0.821923 0.000000
0 0.298189 0.488666 0.000000 0.000000 0.898763 0.821923 0.000000
0 0.747579 0.488666 0.000000 0.000000 0.898763 0.821923 0.000000
0 0.298189 0.488666 0.000000 0.000000 0.898763 0.821923 0.000000
0 0.747579 0.488666 0.000000 0.000000 0.898763 0.821923 0.000000
未使用
0.000000
0 0.417687 0.324281 -0.010000 -0.012500 0.830292 0.821923 0.000000
0 0.558836 0.324281 0.015000 -0.014500 0.830292 0.821923 0.000000
0 0.430723 0.572912 0.037500 -0.032500 0.741305 0.821923 20.000000
0 0.578987 0.574968 -0.042500 -0.035000 0.741810 0.821923 -20.000000
0 0.450136 0.554419 0.000000 0.000000 1.197094 1.561653 180.000000
0 0.498246 0.365386 0.000000 -0.012500 1.103897 1.561653 -180.000000
0 0.442343 0.328390 0.000000 0.000000 0.832289 0.739730 0.000000
0 0.505857 0.283184 0.000000 0.022500 0.809336 0.739730 0.000000
0 0.323756 0.283184 0.000000 0.000000 0.809336 0.821923 0.000000
0 0.728424 0.283184 0.000000 0.000000 0.809336 0.821923 0.000000
0 0.323756 0.283184 0.000000 0.000000 0.809336 0.821923 0.000000
0 0.728424 0.283184 0.000000 0.000000 0.809336 0.821923 0.000000
0 0.323756 0.283184 0.000000 0.000000 0.809336 0.821923 0.000000
0 0.728424 0.283184 0.000000 0.000000 0.809336 0.821923 0.000000
0 0.323756 0.283184 0.000000 0.000000 0.809336 0.821923 0.000000
0 0.728424 0.283184 0.000000 0.000000 0.809336 0.821923 0.000000
未使用
0.000000
0 0.417687 0.324281 -0.010000 -0.012500 0.830292 0.821923 0.000000
0 0.558836 0.324281 0.015000 -0.014500 0.830292 0.821923 0.000000
0 0.430723 0.572912 0.037500 -0.032500 0.741305 0.821923 20.000000
0 0.578987 0.574968 -0.042500 -0.035000 0.741810 0.821923 -20.000000
0 0.450136 0.554419 0.000000 0.000000 1.197094 1.561653 180.000000
0 0.498246 0.365386 0.000000 -0.012500 1.103897 1.561653 -180.000000
0 0.442343 0.328390 0.000000 0.000000 0.832289 0.739730 0.000000
0 0.505857 0.283184 0.000000 0.022500 0.809336 0.739730 0.000000
0 0.323756 0.283184 0.000000 0.000000 0.809336 0.821923 0.000000
0 0.728424 0.283184 0.000000 0.000000 0.809336 0.821923 0.000000
0 0.323756 0.283184 0.000000 0.000000 0.809336 0.821923 0.000000
0 0.728424 0.283184 0.000000 0.000000 0.809336 0.821923 0.000000
0 0.323756 0.283184 0.000000 0.000000 0.809336 0.821923 0.000000
0 0.728424 0.283184 0.000000 0.000000 0.809336 0.821923 0.000000
0 0.323756 0.283184 0.000000 0.000000 0.809336 0.821923 0.000000
0 0.728424 0.283184 0.000000 0.000000 0.809336 0.821923 0.000000
未使用
0.000000
0 0.417687 0.324281 -0.010000 -0.012500 0.830292 0.821923 0.000000
0 0.558836 0.324281 0.015000 -0.014500 0.830292 0.821923 0.000000
0 0.430723 0.572912 0.037500 -0.032500 0.741305 0.821923 20.000000
0 0.578987 0.574968 -0.042500 -0.035000 0.741810 0.821923 -20.000000
0 0.450136 0.554419 0.000000 0.000000 1.197094 1.561653 180.000000
0 0.498246 0.365386 0.000000 -0.012500 1.103897 1.561653 -180.000000
0 0.442343 0.328390 0.000000 0.000000 0.832289 0.739730 0.000000
0 0.505857 0.283184 0.000000 0.022500 0.809336 0.739730 0.000000
0 0.323756 0.283184 0.000000 0.000000 0.809336 0.821923 0.000000
0 0.728424 0.283184 0.000000 0.000000 0.809336 0.821923 0.000000
0 0.323756 0.283184 0.000000 0.000000 0.809336 0.821923 0.000000
0 0.728424 0.283184 0.000000 0.000000 0.809336 0.821923 0.000000
0 0.323756 0.283184 0.000000 0.000000 0.809336 0.821923 0.000000
0 0.728424 0.283184 0.000000 0.000000 0.809336 0.821923 0.000000
0 0.323756 0.283184 0.000000 0.000000 0.809336 0.821923 0.000000
0 0.728424 0.283184 0.000000 0.000000 0.809336 0.821923 0.000000
未使用
0.000000
0 0.417687 0.324281 -0.010000 -0.012500 0.830292 0.821923 0.000000
0 0.558836 0.324281 0.015000 -0.014500 0.830292 0.821923 0.000000
0 0.430723 0.572912 0.037500 -0.032500 0.741305 0.821923 20.000000
0 0.578987 0.574968 -0.042500 -0.035000 0.741810 0.821923 -20.000000
0 0.450136 0.554419 0.000000 0.000000 1.197094 1.561653 180.000000
0 0.498246 0.365386 0.000000 -0.012500 1.103897 1.561653 -180.000000
0 0.442343 0.328390 0.000000 0.000000 0.832289 0.739730 0.000000
0 0.505857 0.283184 0.000000 0.022500 0.809336 0.739730 0.000000
0 0.323756 0.283184 0.000000 0.000000 0.809336 0.821923 0.000000
0 0.728424 0.283184 0.000000 0.000000 0.809336 0.821923 0.000000
0 0.323756 0.283184 0.000000 0.000000 0.809336 0.821923 0.000000
0 0.728424 0.283184 0.000000 0.000000 0.809336 0.821923 0.000000
0 0.323756 0.283184 0.000000 0.000000 0.809336 0.821923 0.000000
0 0.728424 0.283184 0.000000 0.000000 0.809336 0.821923 0.000000
0 0.323756 0.283184 0.000000 0.000000 0.809336 0.821923 0.000000
0 0.728424 0.283184 0.000000 0.000000 0.809336 0.821923 0.000000
未使用
0.000000
0 0.417687 0.324281 -0.010000 -0.012500 0.830292 0.821923 0.000000
0 0.558836 0.324281 0.015000 -0.014500 0.830292 0.821923 0.000000
0 0.430723 0.572912 0.037500 -0.032500 0.741305 0.821923 20.000000
0 0.578987 0.574968 -0.042500 -0.035000 0.741810 0.821923 -20.000000
0 0.450136 0.554419 0.000000 0.000000 1.197094 1.561653 180.000000
0 0.498246 0.365386 0.000000 -0.012500 1.103897 1.561653 -180.000000
0 0.442343 0.328390 0.000000 0.000000 0.832289 0.739730 0.000000
0 0.505857 0.283184 0.000000 0.022500 0.809336 0.739730 0.000000
0 0.323756 0.283184 0.000000 0.000000 0.809336 0.821923 0.000000
0 0.728424 0.283184 0.000000 0.000000 0.809336 0.821923 0.000000
0 0.323756 0.283184 0.000000 0.000000 0.809336 0.821923 0.000000
0 0.728424 0.283184 0.000000 0.000000 0.809336 0.821923 0.000000
0 0.323756 0.283184 0.000000 0.000000 0.809336 0.821923 0.000000
0 0.728424 0.283184 0.000000 0.000000 0.809336 0.821923 0.000000
0 0.323756 0.283184 0.000000 0.000000 0.809336 0.821923 0.000000
0 0.728424 0.283184 0.000000 0.000000 0.809336 0.821923 0.000000
未使用
0.000000
0 0.417687 0.324281 -0.010000 -0.012500 0.830292 0.821923 0.000000
0 0.558836 0.324281 0.015000 -0.014500 0.830292 0.821923 0.000000
0 0.430723 0.572912 0.037500 -0.032500 0.741305 0.821923 20.000000
0 0.578987 0.574968 -0.042500 -0.035000 0.741810 0.821923 -20.000000
0 0.450136 0.554419 0.000000 0.000000 1.197094 1.561653 180.000000
0 0.498246 0.365386 0.000000 -0.012500 1.103897 1.561653 -180.000000
0 0.442343 0.328390 0.000000 0.000000 0.832289 0.739730 0.000000
0 0.505857 0.283184 0.000000 0.022500 0.809336 0.739730 0.000000
0 0.323756 0.283184 0.000000 0.000000 0.809336 0.821923 0.000000
0 0.728424 0.283184 0.000000 0.000000 0.809336 0.821923 0.000000
0 0.323756 0.283184 0.000000 0.000000 0.809336 0.821923 0.000000
0 0.728424 0.283184 0.000000 0.000000 0.809336 0.821923 0.000000
0 0.323756 0.283184 0.000000 0.000000 0.809336 0.821923 0.000000
0 0.728424 0.283184 0.000000 0.000000 0.809336 0.821923 0.000000
0 0.323756 0.283184 0.000000 0.000000 0.809336 0.821923 0.000000
0 0.728424 0.283184 0.000000 0.000000 0.809336 0.821923 0.000000
未使用
0.000000
0 0.417687 0.324281 -0.010000 -0.012500 0.830292 0.821923 0.000000
0 0.558836 0.324281 0.015000 -0.014500 0.830292 0.821923 0.000000
0 0.430723 0.572912 0.037500 -0.032500 0.741305 0.821923 20.000000
0 0.578987 0.574968 -0.042500 -0.035000 0.741810 0.821923 -20.000000
0 0.450136 0.554419 0.000000 0.000000 1.197094 1.561653 180.000000
0 0.498246 0.365386 0.000000 -0.012500 1.103897 1.561653 -180.000000
0 0.442343 0.328390 0.000000 0.000000 0.832289 0.739730 0.000000
0 0.505857 0.283184 0.000000 0.022500 0.809336 0.739730 0.000000
0 0.323756 0.283184 0.000000 0.000000 0.809336 0.821923 0.000000
0 0.728424 0.283184 0.000000 0.000000 0.809336 0.821923 0.000000
0 0.323756 0.283184 0.000000 0.000000 0.809336 0.821923 0.000000
0 0.728424 0.283184 0.000000 0.000000 0.809336 0.821923 0.000000
0 0.323756 0.283184 0.000000 0.000000 0.809336 0.821923 0.000000
0 0.728424 0.283184 0.000000 0.000000 0.809336 0.821923 0.000000
0 0.323756 0.283184 0.000000 0.000000 0.809336 0.821923 0.000000
0 0.728424 0.283184 0.000000 0.000000 0.809336 0.821923 0.000000
未使用
0.000000
0 0.417687 0.324281 -0.010000 -0.012500 0.830292 0.821923 0.000000
0 0.558836 0.324281 0.015000 -0.014500 0.830292 0.821923 0.000000
0 0.430723 0.572912 0.037500 -0.032500 0.741305 0.821923 20.000000
0 0.578987 0.574968 -0.042500 -0.035000 0.741810 0.821923 -20.000000
0 0.450136 0.554419 0.000000 0.000000 1.197094 1.561653 180.000000
0 0.498246 0.365386 0.000000 -0.012500 1.103897 1.561653 -180.000000
0 0.442343 0.328390 0.000000 0.000000 0.832289 0.739730 0.000000
0 0.505857 0.283184 0.000000 0.022500 0.809336 0.739730 0.000000
0 0.323756 0.283184 0.000000 0.000000 0.809336 0.821923 0.000000
0 0.728424 0.283184 0.000000 0.000000 0.809336 0.821923 0.000000
0 0.323756 0.283184 0.000000 0.000000 0.809336 0.821923 0.000000
0 0.728424 0.283184 0.000000 0.000000 0.809336 0.821923 0.000000
0 0.323756 0.283184 0.000000 0.000000 0.809336 0.821923 0.000000
0 0.728424 0.283184 0.000000 0.000000 0.809336 0.821923 0.000000
0 0.323756 0.283184 0.000000 0.000000 0.809336 0.821923 0.000000
0 0.728424 0.283184 0.000000 0.000000 0.809336 0.821923 0.000000
未使用
0.000000
0 0.417687 0.324281 -0.010000 -0.012500 0.830292 0.821923 0.000000
0 0.558836 0.324281 0.015000 -0.014500 0.830292 0.821923 0.000000
0 0.430723 0.572912 0.037500 -0.032500 0.741305 0.821923 20.000000
0 0.578987 0.574968 -0.042500 -0.035000 0.741810 0.821923 -20.000000
0 0.450136 0.554419 0.000000 0.000000 1.197094 1.561653 180.000000
0 0.498246 0.365386 0.000000 -0.012500 1.103897 1.561653 -180.000000
0 0.442343 0.328390 0.000000 0.000000 0.832289 0.739730 0.000000
0 0.505857 0.283184 0.000000 0.022500 0.809336 0.739730 0.000000
0 0.323756 0.283184 0.000000 0.000000 0.809336 0.821923 0.000000
0 0.728424 0.283184 0.000000 0.000000 0.809336 0.821923 0.000000
0 0.323756 0.283184 0.000000 0.000000 0.809336 0.821923 0.000000
0 0.728424 0.283184 0.000000 0.000000 0.809336 0.821923 0.000000
0 0.323756 0.283184 0.000000 0.000000 0.809336 0.821923 0.000000
0 0.728424 0.283184 0.000000 0.000000 0.809336 0.821923 0.000000
0 0.323756 0.283184 0.000000 0.000000 0.809336 0.821923 0.000000
0 0.728424 0.283184 0.000000 0.000000 0.809336 0.821923 0.000000
未使用
0.000000
0 0.417687 0.324281 -0.010000 -0.012500 0.830292 0.821923 0.000000
0 0.558836 0.324281 0.015000 -0.014500 0.830292 0.821923 0.000000
0 0.430723 0.572912 0.037500 -0.032500 0.741305 0.821923 20.000000
0 0.578987 0.574968 -0.042500 -0.035000 0.741810 0.821923 -20.000000
0 0.450136 0.554419 0.000000 0.000000 1.197094 1.561653 180.000000
0 0.498246 0.365386 0.000000 -0.012500 1.103897 1.561653 -180.000000
0 0.442343 0.328390 0.000000 0.000000 0.832289 0.739730 0.000000
0 0.505857 0.283184 0.000000 0.022500 0.809336 0.739730 0.000000
0 0.323756 0.283184 0.000000 0.000000 0.809336 0.821923 0.000000
0 0.728424 0.283184 0.000000 0.000000 0.809336 0.821923 0.000000
0 0.323756 0.283184 0.000000 0.000000 0.809336 0.821923 0.000000
0 0.728424 0.283184 0.000000 0.000000 0.809336 0.821923 0.000000
0 0.323756 0.283184 0.000000 0.000000 0.809336 0.821923 0.000000
0 0.728424 0.283184 0.000000 0.000000 0.809336 0.821923 0.000000
0 0.323756 0.283184 0.000000 0.000000 0.809336 0.821923 0.000000
0 0.728424 0.283184 0.000000 0.000000 0.809336 0.821923 0.000000
未使用
0.000000
0 0.417687 0.324281 -0.010000 -0.012500 0.830292 0.821923 0.000000
0 0.558836 0.324281 0.015000 -0.014500 0.830292 0.821923 0.000000
0 0.430723 0.572912 0.037500 -0.032500 0.741305 0.821923 20.000000
0 0.578987 0.574968 -0.042500 -0.035000 0.741810 0.821923 -20.000000
0 0.450136 0.554419 0.000000 0.000000 1.197094 1.561653 180.000000
0 0.498246 0.365386 0.000000 -0.012500 1.103897 1.561653 -180.000000
0 0.442343 0.328390 0.000000 0.000000 0.832289 0.739730 0.000000
0 0.505857 0.283184 0.000000 0.022500 0.809336 0.739730 0.000000
0 0.323756 0.283184 0.000000 0.000000 0.809336 0.821923 0.000000
0 0.728424 0.283184 0.000000 0.000000 0.809336 0.821923 0.000000
0 0.323756 0.283184 0.000000 0.000000 0.809336 0.821923 0.000000
0 0.728424 0.283184 0.000000 0.000000 0.809336 0.821923 0.000000
0 0.323756 0.283184 0.000000 0.000000 0.809336 0.821923 0.000000
0 0.728424 0.283184 0.000000 0.000000 0.809336 0.821923 0.000000
0 0.323756 0.283184 0.000000 0.000000 0.809336 0.821923 0.000000
0 0.728424 0.283184 0.000000 0.000000 0.809336 0.821923 0.000000
未使用
0.000000
0 0.417687 0.324281 -0.010000 -0.012500 0.830292 0.821923 0.000000
0 0.558836 0.324281 0.015000 -0.014500 0.830292 0.821923 0.000000
0 0.430723 0.572912 0.037500 -0.032500 0.741305 0.821923 20.000000
0 0.578987 0.574968 -0.042500 -0.035000 0.741810 0.821923 -20.000000
0 0.450136 0.554419 0.000000 0.000000 1.197094 1.561653 180.000000
0 0.498246 0.365386 0.000000 -0.012500 1.103897 1.561653 -180.000000
0 0.442343 0.328390 0.000000 0.000000 0.832289 0.739730 0.000000
0 0.505857 0.283184 0.000000 0.022500 0.809336 0.739730 0.000000
0 0.323756 0.283184 0.000000 0.000000 0.809336 0.821923 0.000000
0 0.728424 0.283184 0.000000 0.000000 0.809336 0.821923 0.000000
0 0.323756 0.283184 0.000000 0.000000 0.809336 0.821923 0.000000
0 0.728424 0.283184 0.000000 0.000000 0.809336 0.821923 0.000000
0 0.323756 0.283184 0.000000 0.000000 0.809336 0.821923 0.000000
0 0.728424 0.283184 0.000000 0.000000 0.809336 0.821923 0.000000
0 0.323756 0.283184 0.000000 0.000000 0.809336 0.821923 0.000000
0 0.728424 0.283184 0.000000 0.000000 0.809336 0.821923 0.000000
未使用
0.000000
0 0.417687 0.324281 -0.010000 -0.012500 0.830292 0.821923 0.000000
0 0.558836 0.324281 0.015000 -0.014500 0.830292 0.821923 0.000000
0 0.430723 0.572912 0.037500 -0.032500 0.741305 0.821923 20.000000
0 0.578987 0.574968 -0.042500 -0.035000 0.741810 0.821923 -20.000000
0 0.450136 0.554419 0.000000 0.000000 1.197094 1.561653 180.000000
0 0.498246 0.365386 0.000000 -0.012500 1.103897 1.561653 -180.000000
0 0.442343 0.328390 0.000000 0.000000 0.832289 0.739730 0.000000
0 0.505857 0.283184 0.000000 0.022500 0.809336 0.739730 0.000000
0 0.323756 0.283184 0.000000 0.000000 0.809336 0.821923 0.000000
0 0.728424 0.283184 0.000000 0.000000 0.809336 0.821923 0.000000
0 0.323756 0.283184 0.000000 0.000000 0.809336 0.821923 0.000000
0 0.728424 0.283184 0.000000 0.000000 0.809336 0.821923 0.000000
0 0.323756 0.283184 0.000000 0.000000 0.809336 0.821923 0.000000
0 0.728424 0.283184 0.000000 0.000000 0.809336 0.821923 0.000000
0 0.323756 0.283184 0.000000 0.000000 0.809336 0.821923 0.000000
0 0.728424 0.283184 0.000000 0.000000 0.809336 0.821923 0.000000
未使用
0.000000
0 0.417687 0.324281 -0.010000 -0.012500 0.830292 0.821923 0.000000
0 0.558836 0.324281 0.015000 -0.014500 0.830292 0.821923 0.000000
0 0.430723 0.572912 0.037500 -0.032500 0.741305 0.821923 20.000000
0 0.578987 0.574968 -0.042500 -0.035000 0.741810 0.821923 -20.000000
0 0.450136 0.554419 0.000000 0.000000 1.197094 1.561653 180.000000
0 0.498246 0.365386 0.000000 -0.012500 1.103897 1.561653 -180.000000
0 0.442343 0.328390 0.000000 0.000000 0.832289 0.739730 0.000000
0 0.505857 0.283184 0.000000 0.022500 0.809336 0.739730 0.000000
0 0.323756 0.283184 0.000000 0.000000 0.809336 0.821923 0.000000
0 0.728424 0.283184 0.000000 0.000000 0.809336 0.821923 0.000000
0 0.323756 0.283184 0.000000 0.000000 0.809336 0.821923 0.000000
0 0.728424 0.283184 0.000000 0.000000 0.809336 0.821923 0.000000
0 0.323756 0.283184 0.000000 0.000000 0.809336 0.821923 0.000000
0 0.728424 0.283184 0.000000 0.000000 0.809336 0.821923 0.000000
0 0.323756 0.283184 0.000000 0.000000 0.809336 0.821923 0.000000
0 0.728424 0.283184 0.000000 0.000000 0.809336 0.821923 0.000000
未使用
0.000000
0 0.417687 0.324281 -0.010000 -0.012500 0.830292 0.821923 0.000000
0 0.558836 0.324281 0.015000 -0.014500 0.830292 0.821923 0.000000
0 0.430723 0.572912 0.037500 -0.032500 0.741305 0.821923 20.000000
0 0.578987 0.574968 -0.042500 -0.035000 0.741810 0.821923 -20.000000
0 0.450136 0.554419 0.000000 0.000000 1.197094 1.561653 180.000000
0 0.498246 0.365386 0.000000 -0.012500 1.103897 1.561653 -180.000000
0 0.442343 0.328390 0.000000 0.000000 0.832289 0.739730 0.000000
0 0.505857 0.283184 0.000000 0.022500 0.809336 0.739730 0.000000
0 0.323756 0.283184 0.000000 0.000000 0.809336 0.821923 0.000000
0 0.728424 0.283184 0.000000 0.000000 0.809336 0.821923 0.000000
0 0.323756 0.283184 0.000000 0.000000 0.809336 0.821923 0.000000
0 0.728424 0.283184 0.000000 0.000000 0.809336 0.821923 0.000000
0 0.323756 0.283184 0.000000 0.000000 0.809336 0.821923 0.000000
0 0.728424 0.283184 0.000000 0.000000 0.809336 0.821923 0.000000
0 0.323756 0.283184 0.000000 0.000000 0.809336 0.821923 0.000000
0 0.728424 0.283184 0.000000 0.000000 0.809336 0.821923 0.000000
未使用
0.000000
0 0.417687 0.324281 -0.010000 -0.012500 0.830292 0.821923 0.000000
0 0.558836 0.324281 0.015000 -0.014500 0.830292 0.821923 0.000000
0 0.430723 0.572912 0.037500 -0.032500 0.741305 0.821923 20.000000
0 0.578987 0.574968 -0.042500 -0.035000 0.741810 0.821923 -20.000000
0 0.450136 0.554419 0.000000 0.000000 1.197094 1.561653 180.000000
0 0.498246 0.365386 0.000000 -0.012500 1.103897 1.561653 -180.000000
0 0.442343 0.328390 0.000000 0.000000 0.832289 0.739730 0.000000
0 0.505857 0.283184 0.000000 0.022500 0.809336 0.739730 0.000000
0 0.323756 0.283184 0.000000 0.000000 0.809336 0.821923 0.000000
0 0.728424 0.283184 0.000000 0.000000 0.809336 0.821923 0.000000
0 0.323756 0.283184 0.000000 0.000000 0.809336 0.821923 0.000000
0 0.728424 0.283184 0.000000 0.000000 0.809336 0.821923 0.000000
0 0.323756 0.283184 0.000000 0.000000 0.809336 0.821923 0.000000
0 0.728424 0.283184 0.000000 0.000000 0.809336 0.821923 0.000000
0 0.323756 0.283184 0.000000 0.000000 0.809336 0.821923 0.000000
0 0.728424 0.283184 0.000000 0.000000 0.809336 0.821923 0.000000
未使用
0.000000
0 0.417687 0.324281 -0.010000 -0.012500 0.830292 0.821923 0.000000
0 0.558836 0.324281 0.015000 -0.014500 0.830292 0.821923 0.000000
0 0.430723 0.572912 0.037500 -0.032500 0.741305 0.821923 20.000000
0 0.578987 0.574968 -0.042500 -0.035000 0.741810 0.821923 -20.000000
0 0.450136 0.554419 0.000000 0.000000 1.197094 1.561653 180.000000
0 0.498246 0.365386 0.000000 -0.012500 1.103897 1.561653 -180.000000
0 0.442343 0.328390 0.000000 0.000000 0.832289 0.739730 0.000000
0 0.505857 0.283184 0.000000 0.022500 0.809336 0.739730 0.000000
0 0.323756 0.283184 0.000000 0.000000 0.809336 0.821923 0.000000
0 0.728424 0.283184 0.000000 0.000000 0.809336 0.821923 0.000000
0 0.323756 0.283184 0.000000 0.000000 0.809336 0.821923 0.000000
0 0.728424 0.283184 0.000000 0.000000 0.809336 0.821923 0.000000
0 0.323756 0.283184 0.000000 0.000000 0.809336 0.821923 0.000000
0 0.728424 0.283184 0.000000 0.000000 0.809336 0.821923 0.000000
0 0.323756 0.283184 0.000000 0.000000 0.809336 0.821923 0.000000
0 0.728424 0.283184 0.000000 0.000000 0.809336 0.821923 0.000000
未使用
0.000000
0 0.417687 0.324281 -0.010000 -0.012500 0.830292 0.821923 0.000000
0 0.558836 0.324281 0.015000 -0.014500 0.830292 0.821923 0.000000
0 0.430723 0.572912 0.037500 -0.032500 0.741305 0.821923 20.000000
0 0.578987 0.574968 -0.042500 -0.035000 0.741810 0.821923 -20.000000
0 0.450136 0.554419 0.000000 0.000000 1.197094 1.561653 180.000000
0 0.498246 0.365386 0.000000 -0.012500 1.103897 1.561653 -180.000000
0 0.442343 0.328390 0.000000 0.000000 0.832289 0.739730 0.000000
0 0.505857 0.283184 0.000000 0.022500 0.809336 0.739730 0.000000
0 0.323756 0.283184 0.000000 0.000000 0.809336 0.821923 0.000000
0 0.728424 0.283184 0.000000 0.000000 0.809336 0.821923 0.000000
0 0.323756 0.283184 0.000000 0.000000 0.809336 0.821923 0.000000
0 0.728424 0.283184 0.000000 0.000000 0.809336 0.821923 0.000000
0 0.323756 0.283184 0.000000 0.000000 0.809336 0.821923 0.000000
0 0.728424 0.283184 0.000000 0.000000 0.809336 0.821923 0.000000
0 0.323756 0.283184 0.000000 0.000000 0.809336 0.821923 0.000000
0 0.728424 0.283184 0.000000 0.000000 0.809336 0.821923 0.000000
未使用
0.000000
0 0.417687 0.324281 -0.010000 -0.012500 0.830292 0.821923 0.000000
0 0.558836 0.324281 0.015000 -0.014500 0.830292 0.821923 0.000000
0 0.430723 0.572912 0.037500 -0.032500 0.741305 0.821923 20.000000
0 0.578987 0.574968 -0.042500 -0.035000 0.741810 0.821923 -20.000000
0 0.450136 0.554419 0.000000 0.000000 1.197094 1.561653 180.000000
0 0.498246 0.365386 0.000000 -0.012500 1.103897 1.561653 -180.000000
0 0.442343 0.328390 0.000000 0.000000 0.832289 0.739730 0.000000
0 0.505857 0.283184 0.000000 0.022500 0.809336 0.739730 0.000000
0 0.323756 0.283184 0.000000 0.000000 0.809336 0.821923 0.000000
0 0.728424 0.283184 0.000000 0.000000 0.809336 0.821923 0.000000
0 0.323756 0.283184 0.000000 0.000000 0.809336 0.821923 0.000000
0 0.728424 0.283184 0.000000 0.000000 0.809336 0.821923 0.000000
0 0.323756 0.283184 0.000000 0.000000 0.809336 0.821923 0.000000
0 0.728424 0.283184 0.000000 0.000000 0.809336 0.821923 0.000000
0 0.323756 0.283184 0.000000 0.000000 0.809336 0.821923 0.000000
0 0.728424 0.283184 0.000000 0.000000 0.809336 0.821923 0.000000
未使用
0.000000
0 0.417687 0.324281 -0.010000 -0.012500 0.830292 0.821923 0.000000
0 0.558836 0.324281 0.015000 -0.014500 0.830292 0.821923 0.000000
0 0.430723 0.572912 0.037500 -0.032500 0.741305 0.821923 20.000000
0 0.578987 0.574968 -0.042500 -0.035000 0.741810 0.821923 -20.000000
0 0.450136 0.554419 0.000000 0.000000 1.197094 1.561653 180.000000
0 0.498246 0.365386 0.000000 -0.012500 1.103897 1.561653 -180.000000
0 0.442343 0.328390 0.000000 0.000000 0.832289 0.739730 0.000000
0 0.505857 0.283184 0.000000 0.022500 0.809336 0.739730 0.000000
0 0.323756 0.283184 0.000000 0.000000 0.809336 0.821923 0.000000
0 0.728424 0.283184 0.000000 0.000000 0.809336 0.821923 0.000000
0 0.323756 0.283184 0.000000 0.000000 0.809336 0.821923 0.000000
0 0.728424 0.283184 0.000000 0.000000 0.809336 0.821923 0.000000
0 0.323756 0.283184 0.000000 0.000000 0.809336 0.821923 0.000000
0 0.728424 0.283184 0.000000 0.000000 0.809336 0.821923 0.000000
0 0.323756 0.283184 0.000000 0.000000 0.809336 0.821923 0.000000
0 0.728424 0.283184 0.000000 0.000000 0.809336 0.821923 0.000000
未使用
0.000000
0 0.417687 0.324281 -0.010000 -0.012500 0.830292 0.821923 0.000000
0 0.558836 0.324281 0.015000 -0.014500 0.830292 0.821923 0.000000
0 0.430723 0.572912 0.037500 -0.032500 0.741305 0.821923 20.000000
0 0.578987 0.574968 -0.042500 -0.035000 0.741810 0.821923 -20.000000
0 0.450136 0.554419 0.000000 0.000000 1.197094 1.561653 180.000000
0 0.498246 0.365386 0.000000 -0.012500 1.103897 1.561653 -180.000000
0 0.442343 0.328390 0.000000 0.000000 0.832289 0.739730 0.000000
0 0.505857 0.283184 0.000000 0.022500 0.809336 0.739730 0.000000
0 0.323756 0.283184 0.000000 0.000000 0.809336 0.821923 0.000000
0 0.728424 0.283184 0.000000 0.000000 0.809336 0.821923 0.000000
0 0.323756 0.283184 0.000000 0.000000 0.809336 0.821923 0.000000
0 0.728424 0.283184 0.000000 0.000000 0.809336 0.821923 0.000000
0 0.323756 0.283184 0.000000 0.000000 0.809336 0.821923 0.000000
0 0.728424 0.283184 0.000000 0.000000 0.809336 0.821923 0.000000
0 0.323756 0.283184 0.000000 0.000000 0.809336 0.821923 0.000000
0 0.728424 0.283184 0.000000 0.000000 0.809336 0.821923 0.000000
未使用
0.000000
0 0.417687 0.324281 -0.010000 -0.012500 0.830292 0.821923 0.000000
0 0.558836 0.324281 0.015000 -0.014500 0.830292 0.821923 0.000000
0 0.430723 0.572912 0.037500 -0.032500 0.741305 0.821923 20.000000
0 0.578987 0.574968 -0.042500 -0.035000 0.741810 0.821923 -20.000000
0 0.450136 0.554419 0.000000 0.000000 1.197094 1.561653 180.000000
0 0.498246 0.365386 0.000000 -0.012500 1.103897 1.561653 -180.000000
0 0.442343 0.328390 0.000000 0.000000 0.832289 0.739730 0.000000
0 0.505857 0.283184 0.000000 0.022500 0.809336 0.739730 0.000000
0 0.323756 0.283184 0.000000 0.000000 0.809336 0.821923 0.000000
0 0.728424 0.283184 0.000000 0.000000 0.809336 0.821923 0.000000
0 0.323756 0.283184 0.000000 0.000000 0.809336 0.821923 0.000000
0 0.728424 0.283184 0.000000 0.000000 0.809336 0.821923 0.000000
0 0.323756 0.283184 0.000000 0.000000 0.809336 0.821923 0.000000
0 0.728424 0.283184 0.000000 0.000000 0.809336 0.821923 0.000000
0 0.323756 0.283184 0.000000 0.000000 0.809336 0.821923 0.000000
0 0.728424 0.283184 0.000000 0.000000 0.809336 0.821923 0.000000
未使用
0.000000
0 0.417687 0.324281 -0.010000 -0.012500 0.830292 0.821923 0.000000
0 0.558836 0.324281 0.015000 -0.014500 0.830292 0.821923 0.000000
0 0.430723 0.572912 0.037500 -0.032500 0.741305 0.821923 20.000000
0 0.578987 0.574968 -0.042500 -0.035000 0.741810 0.821923 -20.000000
0 0.450136 0.554419 0.000000 0.000000 1.197094 1.561653 180.000000
0 0.498246 0.365386 0.000000 -0.012500 1.103897 1.561653 -180.000000
0 0.442343 0.328390 0.000000 0.000000 0.832289 0.739730 0.000000
0 0.505857 0.283184 0.000000 0.022500 0.809336 0.739730 0.000000
0 0.323756 0.283184 0.000000 0.000000 0.809336 0.821923 0.000000
0 0.728424 0.283184 0.000000 0.000000 0.809336 0.821923 0.000000
0 0.323756 0.283184 0.000000 0.000000 0.809336 0.821923 0.000000
0 0.728424 0.283184 0.000000 0.000000 0.809336 0.821923 0.000000
0 0.323756 0.283184 0.000000 0.000000 0.809336 0.821923 0.000000
0 0.728424 0.283184 0.000000 0.000000 0.809336 0.821923 0.000000
0 0.323756 0.283184 0.000000 0.000000 0.809336 0.821923 0.000000
0 0.728424 0.283184 0.000000 0.000000 0.809336 0.821923 0.000000
