faceanim:3
32
0.401278
0.404830
0.561790
0.562382
0.468040
0.565341
0.440933
0.589725
expr0
0.000000
1 0.457028 0.393982 -0.010000 0.010000 0.598602 0.729602 0.000000
1 0.572259 0.393982 0.010000 0.010500 0.598602 0.729602 0.000000
1 0.475750 0.461470 -0.006000 0.000000 0.340466 0.291840 0.000000
1 0.552299 0.459646 0.006000 0.000000 0.339433 0.291840 0.000000
0 0.474986 0.393982 0.000000 0.000000 0.598602 0.729602 0.000000
0 0.594706 0.393982 0.000000 0.000000 0.598602 0.729602 0.000000
0 0.474986 0.393982 0.000000 0.000000 0.598602 0.729602 0.000000
0 0.594706 0.393982 0.000000 0.000000 0.598602 0.729602 0.000000
0 0.344440 0.539903 0.000000 0.000000 0.762593 0.729602 0.000000
0 0.725743 0.539903 0.000000 0.000000 0.762593 0.729602 0.000000
0 0.344440 0.539903 0.000000 0.000000 0.762593 0.729602 0.000000
0 0.725743 0.539903 0.000000 0.000000 0.762593 0.729602 0.000000
0 0.344440 0.539903 0.000000 0.000000 0.762593 0.729602 0.000000
0 0.725743 0.539903 0.000000 0.000000 0.762593 0.729602 0.000000
0 0.344440 0.539903 0.000000 0.000000 0.762593 0.729602 0.000000
0 0.725743 0.539903 0.000000 0.000000 0.762593 0.729602 0.000000
expr1
0.000000
1 0.493525 0.386687 0.015000 -0.005000 0.588910 0.729602 0.000000
1 0.546527 0.386687 -0.010000 -0.005000 0.588910 0.729602 0.000000
0 0.474986 0.393982 0.000000 0.000000 0.598602 0.729602 0.000000
0 0.594706 0.393982 0.000000 0.000000 0.598602 0.729602 0.000000
0 0.474986 0.393982 0.000000 0.000000 0.598602 0.729602 0.000000
0 0.594706 0.393982 0.000000 0.000000 0.598602 0.729602 0.000000
0 0.474986 0.393982 0.000000 0.000000 0.598602 0.729602 0.000000
0 0.594706 0.393982 0.000000 0.000000 0.598602 0.729602 0.000000
0 0.344440 0.539903 0.000000 0.000000 0.762593 0.729602 0.000000
0 0.725743 0.539903 0.000000 0.000000 0.762593 0.729602 0.000000
0 0.344440 0.539903 0.000000 0.000000 0.762593 0.729602 0.000000
0 0.725743 0.539903 0.000000 0.000000 0.762593 0.729602 0.000000
0 0.344440 0.539903 0.000000 0.000000 0.762593 0.729602 0.000000
0 0.725743 0.539903 0.000000 0.000000 0.762593 0.729602 0.000000
0 0.344440 0.539903 0.000000 0.000000 0.762593 0.729602 0.000000
0 0.725743 0.539903 0.000000 0.000000 0.762593 0.729602 0.000000
expr2
0.000000
1 0.425752 0.620158 0.000000 0.012500 0.833819 0.729602 0.000000
1 0.592830 0.627454 0.000000 0.013000 0.839769 0.729602 0.000000
0 0.474986 0.393982 0.000000 0.000000 0.598602 0.729602 0.000000
0 0.594706 0.393982 0.000000 0.000000 0.598602 0.729602 0.000000
0 0.474986 0.393982 0.000000 0.000000 0.598602 0.729602 0.000000
0 0.594706 0.393982 0.000000 0.000000 0.598602 0.729602 0.000000
0 0.474986 0.393982 0.000000 0.000000 0.598602 0.729602 0.000000
0 0.594706 0.393982 0.000000 0.000000 0.598602 0.729602 0.000000
0 0.344440 0.539903 0.000000 0.000000 0.762593 0.729602 0.000000
0 0.725743 0.539903 0.000000 0.000000 0.762593 0.729602 0.000000
0 0.344440 0.539903 0.000000 0.000000 0.762593 0.729602 0.000000
0 0.725743 0.539903 0.000000 0.000000 0.762593 0.729602 0.000000
0 0.344440 0.539903 0.000000 0.000000 0.762593 0.729602 0.000000
0 0.725743 0.539903 0.000000 0.000000 0.762593 0.729602 0.000000
0 0.344440 0.539903 0.000000 0.000000 0.762593 0.729602 0.000000
0 0.725743 0.539903 0.000000 0.000000 0.762593 0.729602 0.000000
expr3
0.000000
1 0.420335 0.496127 0.002500 0.017500 0.718684 0.729602 0.000000
1 0.607189 0.496127 -0.005000 0.018000 0.718684 0.729602 0.000000
0 0.474986 0.393982 0.000000 0.000000 0.598602 0.729602 0.000000
0 0.594706 0.393982 0.000000 0.000000 0.598602 0.729602 0.000000
0 0.474986 0.393982 0.000000 0.000000 0.598602 0.729602 0.000000
0 0.594706 0.393982 0.000000 0.000000 0.598602 0.729602 0.000000
0 0.474986 0.393982 0.000000 0.000000 0.598602 0.729602 0.000000
0 0.594706 0.393982 0.000000 0.000000 0.598602 0.729602 0.000000
0 0.344440 0.539903 0.000000 0.000000 0.762593 0.729602 0.000000
0 0.725743 0.539903 0.000000 0.000000 0.762593 0.729602 0.000000
0 0.344440 0.539903 0.000000 0.000000 0.762593 0.729602 0.000000
0 0.725743 0.539903 0.000000 0.000000 0.762593 0.729602 0.000000
0 0.344440 0.539903 0.000000 0.000000 0.762593 0.729602 0.000000
0 0.725743 0.539903 0.000000 0.000000 0.762593 0.729602 0.000000
0 0.344440 0.539903 0.000000 0.000000 0.762593 0.729602 0.000000
0 0.725743 0.539903 0.000000 0.000000 0.762593 0.729602 0.000000
expr4
0.000000
0 0.470212 0.255358 -0.007500 -0.007500 0.380391 0.491938 0.000000
1 0.517857 0.255358 0.000000 0.012500 0.380391 0.491938 0.000000
1 0.439296 0.187399 0.000000 0.010000 0.643641 1.515719 0.000000
1 0.590968 0.187399 0.000000 0.010000 0.643641 1.515719 0.000000
0 0.474986 0.393982 0.000000 0.000000 0.598602 0.729602 0.000000
0 0.594706 0.393982 0.000000 0.000000 0.598602 0.729602 0.000000
0 0.474986 0.393982 0.000000 0.000000 0.598602 0.729602 0.000000
0 0.594706 0.393982 0.000000 0.000000 0.598602 0.729602 0.000000
0 0.344440 0.539903 0.000000 0.000000 0.762593 0.729602 0.000000
0 0.725743 0.539903 0.000000 0.000000 0.762593 0.729602 0.000000
0 0.344440 0.539903 0.000000 0.000000 0.762593 0.729602 0.000000
0 0.725743 0.539903 0.000000 0.000000 0.762593 0.729602 0.000000
0 0.344440 0.539903 0.000000 0.000000 0.762593 0.729602 0.000000
0 0.725743 0.539903 0.000000 0.000000 0.762593 0.729602 0.000000
0 0.344440 0.539903 0.000000 0.000000 0.762593 0.729602 0.000000
0 0.725743 0.539903 0.000000 0.000000 0.762593 0.729602 0.000000
expr5
-0.010000
1 0.436268 0.424990 -0.007500 0.005000 0.765597 1.167361 20.000000
1 0.596661 0.419518 0.005000 0.005000 0.757498 1.167361 -20.000000
1 0.487339 0.335614 0.000000 0.000000 0.877289 0.802561 -70.000000
1 0.554427 0.335614 0.000000 0.000500 0.877289 0.802561 70.000000
2 0.499900 0.379391 -0.020000 0.010000 0.463239 0.802561 0.000000
2 0.528852 0.379391 0.020000 0.015000 0.463239 0.802561 0.000000
3 0.507568 0.401278 -0.012500 -0.012500 0.425689 0.583681 -50.000000
3 0.522771 0.401278 0.020000 -0.005000 0.425689 0.583681 50.000000
0 0.397161 0.357501 0.000000 0.000000 0.548401 0.729602 0.000000
0 0.671362 0.357501 0.000000 0.000000 0.548401 0.729602 0.000000
0 0.397161 0.357501 0.000000 0.000000 0.548401 0.729602 0.000000
0 0.671362 0.357501 0.000000 0.000000 0.548401 0.729602 0.000000
0 0.397161 0.357501 0.000000 0.000000 0.548401 0.729602 0.000000
0 0.671362 0.357501 0.000000 0.000000 0.548401 0.729602 0.000000
0 0.397161 0.357501 0.000000 0.000000 0.548401 0.729602 0.000000
0 0.671362 0.357501 0.000000 0.000000 0.548401 0.729602 0.000000
expr6
-0.050000
1 0.448374 0.392158 0.005000 -0.002500 0.417335 0.510720 -50.000000
1 0.587224 0.393982 -0.007500 0.000000 0.419021 0.510720 50.000000
1 0.487339 0.335614 0.010000 -0.012500 0.877289 0.802561 -70.000000
1 0.554427 0.335614 -0.010000 -0.014500 0.877289 0.802561 70.000000
2 0.512466 0.392158 -0.005000 0.007500 0.298097 0.656641 30.000000
2 0.519918 0.392158 0.002500 0.007500 0.298097 0.656641 -30.000000
3 0.507408 0.373918 -0.005000 -0.005000 0.457232 0.656641 -50.000000
3 0.523125 0.373918 0.010000 -0.005000 0.457232 0.656641 50.000000
0 0.397161 0.357501 0.000000 0.000000 0.548401 0.729602 0.000000
0 0.671362 0.357501 0.000000 0.000000 0.548401 0.729602 0.000000
0 0.397161 0.357501 0.000000 0.000000 0.548401 0.729602 0.000000
0 0.671362 0.357501 0.000000 0.000000 0.548401 0.729602 0.000000
0 0.397161 0.357501 0.000000 0.000000 0.548401 0.729602 0.000000
0 0.671362 0.357501 0.000000 0.000000 0.548401 0.729602 0.000000
0 0.397161 0.357501 0.000000 0.000000 0.548401 0.729602 0.000000
0 0.671362 0.357501 0.000000 0.000000 0.548401 0.729602 0.000000
expr7
-0.080000
1 0.432050 0.430462 0.000000 0.012500 0.773596 1.167361 30.000000
1 0.599194 0.426813 0.000000 0.017500 0.768274 1.167361 -30.000000
1 0.485912 0.348383 0.007500 -0.025000 0.909729 0.802561 -70.000000
1 0.554282 0.350205 -0.005000 -0.027000 0.914274 0.802561 70.000000
2 0.497004 0.379391 -0.020000 0.015000 0.463239 0.729602 110.000000
2 0.530300 0.379391 0.020000 0.017500 0.463239 0.729602 -110.000000
3 0.508974 0.401278 -0.015000 -0.007500 0.486503 0.656641 -80.000000
3 0.522771 0.401278 0.022500 -0.010000 0.486503 0.656641 80.000000
0 0.397161 0.357501 0.000000 0.000000 0.548401 0.729602 0.000000
0 0.671362 0.357501 0.000000 0.000000 0.548401 0.729602 0.000000
0 0.397161 0.357501 0.000000 0.000000 0.548401 0.729602 0.000000
0 0.671362 0.357501 0.000000 0.000000 0.548401 0.729602 0.000000
0 0.397161 0.357501 0.000000 0.000000 0.548401 0.729602 0.000000
0 0.671362 0.357501 0.000000 0.000000 0.548401 0.729602 0.000000
0 0.397161 0.357501 0.000000 0.000000 0.548401 0.729602 0.000000
0 0.671362 0.357501 0.000000 0.000000 0.548401 0.729602 0.000000
expr8
0.000000
1 0.420335 0.496127 0.002500 0.017500 0.718684 0.729602 0.000000
1 0.607189 0.496127 -0.005000 0.018000 0.718684 0.729602 0.000000
0 0.474986 0.393982 0.000000 0.000000 0.598602 0.729602 0.000000
0 0.594706 0.393982 0.000000 0.000000 0.598602 0.729602 0.000000
0 0.474986 0.393982 0.000000 0.000000 0.598602 0.729602 0.000000
0 0.594706 0.393982 0.000000 0.000000 0.598602 0.729602 0.000000
0 0.474986 0.393982 0.000000 0.000000 0.598602 0.729602 0.000000
0 0.594706 0.393982 0.000000 0.000000 0.598602 0.729602 0.000000
0 0.344440 0.539903 0.000000 0.000000 0.762593 0.729602 0.000000
0 0.725743 0.539903 0.000000 0.000000 0.762593 0.729602 0.000000
0 0.344440 0.539903 0.000000 0.000000 0.762593 0.729602 0.000000
0 0.725743 0.539903 0.000000 0.000000 0.762593 0.729602 0.000000
0 0.344440 0.539903 0.000000 0.000000 0.762593 0.729602 0.000000
0 0.725743 0.539903 0.000000 0.000000 0.762593 0.729602 0.000000
0 0.344440 0.539903 0.000000 0.000000 0.762593 0.729602 0.000000
0 0.725743 0.539903 0.000000 0.000000 0.762593 0.729602 0.000000
expr9
0.000000
0 0.000000 0.000000 0.000000 0.000000 0.000000 0.000000 0.000000
0 0.000000 0.000000 0.000000 0.000000 0.000000 0.000000 0.000000
0 0.000000 0.000000 0.000000 0.000000 0.000000 0.000000 0.000000
0 0.000000 0.000000 0.000000 0.000000 0.000000 0.000000 0.000000
0 0.000000 0.000000 0.000000 0.000000 0.000000 0.000000 0.000000
0 0.000000 0.000000 0.000000 0.000000 0.000000 0.000000 0.000000
0 0.000000 0.000000 0.000000 0.000000 0.000000 0.000000 0.000000
0 0.000000 0.000000 0.000000 0.000000 0.000000 0.000000 0.000000
0 0.000000 0.000000 0.000000 0.000000 0.000000 0.000000 0.000000
0 0.000000 0.000000 0.000000 0.000000 0.000000 0.000000 0.000000
0 0.000000 0.000000 0.000000 0.000000 0.000000 0.000000 0.000000
0 0.000000 0.000000 0.000000 0.000000 0.000000 0.000000 0.000000
0 0.000000 0.000000 0.000000 0.000000 0.000000 0.000000 0.000000
0 0.000000 0.000000 0.000000 0.000000 0.000000 0.000000 0.000000
0 0.000000 0.000000 0.000000 0.000000 0.000000 0.000000 0.000000
0 0.000000 0.000000 0.000000 0.000000 0.000000 0.000000 0.000000
expr10
0.000000
0 0.000000 0.000000 0.000000 0.000000 0.000000 0.000000 0.000000
0 0.000000 0.000000 0.000000 0.000000 0.000000 0.000000 0.000000
0 0.000000 0.000000 0.000000 0.000000 0.000000 0.000000 0.000000
0 0.000000 0.000000 0.000000 0.000000 0.000000 0.000000 0.000000
0 0.000000 0.000000 0.000000 0.000000 0.000000 0.000000 0.000000
0 0.000000 0.000000 0.000000 0.000000 0.000000 0.000000 0.000000
0 0.000000 0.000000 0.000000 0.000000 0.000000 0.000000 0.000000
0 0.000000 0.000000 0.000000 0.000000 0.000000 0.000000 0.000000
0 0.000000 0.000000 0.000000 0.000000 0.000000 0.000000 0.000000
0 0.000000 0.000000 0.000000 0.000000 0.000000 0.000000 0.000000
0 0.000000 0.000000 0.000000 0.000000 0.000000 0.000000 0.000000
0 0.000000 0.000000 0.000000 0.000000 0.000000 0.000000 0.000000
0 0.000000 0.000000 0.000000 0.000000 0.000000 0.000000 0.000000
0 0.000000 0.000000 0.000000 0.000000 0.000000 0.000000 0.000000
0 0.000000 0.000000 0.000000 0.000000 0.000000 0.000000 0.000000
0 0.000000 0.000000 0.000000 0.000000 0.000000 0.000000 0.000000
happy
0.000000
1 0.457028 0.393982 -0.010000 0.010000 0.598602 0.729602 0.000000
1 0.572259 0.393982 0.010000 0.010500 0.598602 0.729602 0.000000
1 0.475750 0.461470 -0.006000 0.000000 0.340466 0.291840 0.000000
1 0.552299 0.459646 0.006000 0.000000 0.339433 0.291840 0.000000
0 0.474986 0.393982 0.000000 0.000000 0.598602 0.729602 0.000000
0 0.594706 0.393982 0.000000 0.000000 0.598602 0.729602 0.000000
0 0.474986 0.393982 0.000000 0.000000 0.598602 0.729602 0.000000
0 0.594706 0.393982 0.000000 0.000000 0.598602 0.729602 0.000000
0 0.344440 0.539903 0.000000 0.000000 0.762593 0.729602 0.000000
0 0.725743 0.539903 0.000000 0.000000 0.762593 0.729602 0.000000
0 0.344440 0.539903 0.000000 0.000000 0.762593 0.729602 0.000000
0 0.725743 0.539903 0.000000 0.000000 0.762593 0.729602 0.000000
0 0.344440 0.539903 0.000000 0.000000 0.762593 0.729602 0.000000
0 0.725743 0.539903 0.000000 0.000000 0.762593 0.729602 0.000000
0 0.344440 0.539903 0.000000 0.000000 0.762593 0.729602 0.000000
0 0.725743 0.539903 0.000000 0.000000 0.762593 0.729602 0.000000
angry
0.000000
1 0.465776 0.597331 0.012739 -0.015056 0.331298 0.357687 -32.400002
1 0.559038 0.606058 -0.007643 -0.016311 0.404334 0.343652 32.400002
0 0.426069 0.529472 -0.000599 0.001927 0.310809 0.190119 1.999999
0 0.605181 0.529472 0.000599 0.001927 0.349763 0.205727 16.000002
1 0.426387 0.438917 -0.003128 -0.008701 0.629892 1.247131 -176.399994
1 0.611996 0.438917 0.003128 -0.008701 0.629892 1.247131 536.400024
1 0.458958 0.397821 -0.002985 -0.005908 0.505867 0.547341 0.000000
1 0.582006 0.397821 0.002985 -0.005908 0.505867 0.547341 0.000000
1 0.519592 0.419836 -0.000494 -0.012084 0.549579 0.222846 0.000000
1 0.523718 0.375805 -0.000932 0.004626 0.582946 0.232782 0.000000
1 0.469678 0.459465 -0.008955 -0.002954 0.201274 0.262592 0.000000
1 0.567378 0.459465 0.008955 -0.002954 0.201274 0.262592 360.000000
1 0.460241 0.395363 0.007643 -0.003764 0.336227 0.391764 0.000000
1 0.580874 0.395363 -0.007643 -0.003764 0.336227 0.391764 360.000000
0 0.397161 0.357501 0.000000 0.000000 0.548401 0.729602 0.000000
0 0.671362 0.357501 0.000000 0.000000 0.548401 0.729602 0.000000
sad
0.000000
1 0.488726 0.603564 -0.003599 0.019412 0.428599 0.455935 3.600000
1 0.538586 0.603564 0.003599 0.019412 0.428599 0.455935 -3.600000
1 0.396479 0.602318 -0.007643 -0.018821 0.316612 0.485959 -44.800011
1 0.630920 0.602318 0.007643 -0.018821 0.316612 0.485959 44.800011
1 0.428714 0.432764 -0.001274 -0.008783 0.484782 1.376303 -165.599976
1 0.610062 0.432764 0.001274 -0.008783 0.484782 1.376303 165.599976
1 0.427709 0.530384 0.005842 0.002070 0.324674 0.328740 32.400002
1 0.604629 0.530384 -0.005842 0.002070 0.324674 0.328740 -32.400002
1 0.381939 0.549955 -0.000000 -0.008783 0.425789 0.570620 -18.000000
1 0.649068 0.549955 0.000000 -0.008783 0.425789 0.570620 18.000000
1 0.458767 0.394806 0.002982 -0.016393 0.476880 0.471255 0.000000
1 0.581209 0.394806 -0.001934 -0.018789 0.476880 0.471255 0.000000
1 0.520512 0.414063 0.001274 -0.008783 0.633352 0.272528 0.000000
1 0.523940 0.345938 0.001250 0.018916 0.589202 0.391766 0.000000
0 0.448380 0.563669 0.000920 0.011755 0.357383 0.173164 0.000000
0 0.581688 0.563669 -0.000920 0.011755 0.357383 0.173164 0.000000
surprise
-0.170000
1 0.438312 0.582751 0.000804 0.003631 0.569406 0.173164 0.000000
1 0.590442 0.582751 -0.000804 0.003631 0.569406 0.173164 360.000000
1 0.441950 0.541656 0.000699 -0.007103 0.408792 0.257902 1.999999
1 0.589300 0.541656 -0.000699 -0.007103 0.408792 0.257902 358.000000
1 0.426214 0.613573 -0.001493 0.014771 0.622307 0.298090 180.000000
1 0.600401 0.613573 0.001493 0.014771 0.622307 0.298090 -180.000000
1 0.493426 0.333333 0.007254 -0.020325 0.447133 0.656641 7.199999
1 0.537824 0.333333 -0.007254 -0.020325 0.447133 0.656641 352.799988
2 0.535751 0.398374 0.007254 0.004065 0.392747 0.522273 0.000000
2 0.495499 0.398374 -0.007254 0.004065 0.392747 0.522273 0.000000
3 0.505699 0.392276 -0.014508 -0.025406 0.478394 0.504005 21.600000
3 0.532642 0.394309 0.014508 -0.021341 0.462134 0.603180 -3.600016
1 0.450642 0.396353 0.005384 -0.021486 0.514854 0.858774 -3.600000
1 0.590413 0.396353 -0.006265 -0.021486 0.514854 0.858774 3.600000
1 0.487209 0.466463 -0.001036 0.004065 0.211638 0.193038 0.000000
1 0.544041 0.466463 0.001036 0.004065 0.211638 0.193038 360.000000
smile
0.010000
1 0.444722 0.400406 -0.005181 0.013211 0.542827 0.909130 14.400003
1 0.586528 0.400406 0.005181 0.013211 0.542827 0.909130 -14.400003
1 0.433236 0.609070 0.002500 0.010088 0.636887 0.219113 -1.600001
1 0.593694 0.609070 -0.002500 0.010088 0.636887 0.219113 1.600001
2 0.496535 0.398374 -0.003109 0.011179 0.404058 0.511843 180.000000
2 0.534715 0.398374 0.003109 0.011179 0.404058 0.511843 -180.000000
3 0.495499 0.398374 -0.000000 -0.011179 0.354893 0.636768 28.800001
3 0.535751 0.398374 0.000000 -0.011179 0.354893 0.636768 -25.200001
1 0.411870 0.452444 -0.006250 0.010088 0.589320 1.169057 10.799999
1 0.625642 0.452444 0.006250 0.010088 0.589320 1.169057 -10.799999
1 0.397854 0.568973 0.000235 -0.003933 0.418469 0.530396 10.799999
1 0.633397 0.568973 -0.000235 -0.003933 0.418469 0.530396 349.200012
1 0.477129 0.473745 -0.003750 0.002522 0.233251 0.312275 0.000000
1 0.558992 0.473745 0.003750 0.002522 0.233251 0.312275 0.000000
1 0.439621 0.535142 -0.000000 0.002522 0.562832 0.302339 0.000000
1 0.592395 0.535142 0.000000 0.002522 0.562832 0.302339 0.000000
hate 0.2
0.000000
1 0.465869 0.598578 0.016561 0.003764 0.521068 0.322210 0.000000
1 0.561790 0.598578 -0.016561 0.003764 0.521068 0.322210 0.000000
1 0.450162 0.402843 0.007333 -0.013133 0.603064 0.488672 99.199974
1 0.590492 0.402843 -0.007333 -0.013133 0.603064 0.488672 260.800018
1 0.505881 0.389794 0.001250 0.006305 0.287282 0.407390 180.000000
1 0.535574 0.389794 -0.001250 0.006305 0.287282 0.407390 -180.000000
1 0.438416 0.536242 0.001274 0.012547 0.651546 0.207512 -0.000000
1 0.593523 0.536242 -0.001274 0.012547 0.651546 0.207512 0.000000
1 0.476839 0.496347 0.002548 0.011292 0.240711 0.613325 -18.000000
1 0.557786 0.496347 -0.002548 0.011292 0.240711 0.613325 18.000000
1 0.428136 0.609798 -0.001274 -0.012547 0.532333 0.262592 0.000000
1 0.598743 0.609798 0.001274 -0.012547 0.532333 0.262592 0.000000
0 0.397161 0.357501 0.000000 0.000000 0.548401 0.729602 0.000000
0 0.671362 0.357501 0.000000 0.000000 0.548401 0.729602 0.000000
0 0.397161 0.357501 0.000000 0.000000 0.548401 0.729602 0.000000
0 0.671362 0.357501 0.000000 0.000000 0.548401 0.729602 0.000000
fear
0.000000
1 0.482027 0.604675 0.002841 0.019718 0.524980 0.407901 -7.199999
1 0.549223 0.604675 -0.002841 0.019718 0.524980 0.407901 367.200012
1 0.422960 0.440041 0.009326 -0.020325 0.513477 1.268969 16.400000
1 0.608290 0.440041 -0.009326 -0.020325 0.513477 1.268969 -16.400000
1 0.448867 0.390244 0.004145 -0.001016 0.446866 0.377454 -79.199936
1 0.582383 0.390244 -0.004145 -0.001016 0.446866 0.377454 79.199936
0 0.438875 0.548926 -0.001250 -0.010088 0.544978 0.269124 0.000000
0 0.592201 0.548926 0.001250 -0.010088 0.544978 0.269124 0.000000
2 0.496535 0.388211 -0.008290 0.010163 0.332466 0.651256 0.000000
2 0.534715 0.388211 0.008290 0.010163 0.332466 0.651256 0.000000
3 0.496535 0.391260 -0.011399 -0.016260 0.365985 0.671447 0.000000
3 0.534715 0.391260 0.011399 -0.016260 0.365985 0.671447 0.000000
1 0.415534 0.610323 0.002401 -0.011637 0.441682 0.322212 0.000000
1 0.611309 0.610323 -0.002401 -0.011637 0.441682 0.322212 0.000000
0 0.419655 0.558950 -0.010000 -0.001261 0.247357 0.391766 0.000000
0 0.610736 0.558950 0.010000 -0.001261 0.247357 0.391766 0.000000
expr18
0.000000
0 0.000000 0.000000 0.000000 0.000000 0.000000 0.000000 0.000000
0 0.000000 0.000000 0.000000 0.000000 0.000000 0.000000 0.000000
0 0.000000 0.000000 0.000000 0.000000 0.000000 0.000000 0.000000
0 0.000000 0.000000 0.000000 0.000000 0.000000 0.000000 0.000000
0 0.000000 0.000000 0.000000 0.000000 0.000000 0.000000 0.000000
0 0.000000 0.000000 0.000000 0.000000 0.000000 0.000000 0.000000
0 0.000000 0.000000 0.000000 0.000000 0.000000 0.000000 0.000000
0 0.000000 0.000000 0.000000 0.000000 0.000000 0.000000 0.000000
0 0.000000 0.000000 0.000000 0.000000 0.000000 0.000000 0.000000
0 0.000000 0.000000 0.000000 0.000000 0.000000 0.000000 0.000000
0 0.000000 0.000000 0.000000 0.000000 0.000000 0.000000 0.000000
0 0.000000 0.000000 0.000000 0.000000 0.000000 0.000000 0.000000
0 0.000000 0.000000 0.000000 0.000000 0.000000 0.000000 0.000000
0 0.000000 0.000000 0.000000 0.000000 0.000000 0.000000 0.000000
0 0.000000 0.000000 0.000000 0.000000 0.000000 0.000000 0.000000
0 0.000000 0.000000 0.000000 0.000000 0.000000 0.000000 0.000000
expr19
0.000000
0 0.000000 0.000000 0.000000 0.000000 0.000000 0.000000 0.000000
0 0.000000 0.000000 0.000000 0.000000 0.000000 0.000000 0.000000
0 0.000000 0.000000 0.000000 0.000000 0.000000 0.000000 0.000000
0 0.000000 0.000000 0.000000 0.000000 0.000000 0.000000 0.000000
0 0.000000 0.000000 0.000000 0.000000 0.000000 0.000000 0.000000
0 0.000000 0.000000 0.000000 0.000000 0.000000 0.000000 0.000000
0 0.000000 0.000000 0.000000 0.000000 0.000000 0.000000 0.000000
0 0.000000 0.000000 0.000000 0.000000 0.000000 0.000000 0.000000
0 0.000000 0.000000 0.000000 0.000000 0.000000 0.000000 0.000000
0 0.000000 0.000000 0.000000 0.000000 0.000000 0.000000 0.000000
0 0.000000 0.000000 0.000000 0.000000 0.000000 0.000000 0.000000
0 0.000000 0.000000 0.000000 0.000000 0.000000 0.000000 0.000000
0 0.000000 0.000000 0.000000 0.000000 0.000000 0.000000 0.000000
0 0.000000 0.000000 0.000000 0.000000 0.000000 0.000000 0.000000
0 0.000000 0.000000 0.000000 0.000000 0.000000 0.000000 0.000000
0 0.000000 0.000000 0.000000 0.000000 0.000000 0.000000 0.000000
expr20
0.000000
0 0.000000 0.000000 0.000000 0.000000 0.000000 0.000000 0.000000
0 0.000000 0.000000 0.000000 0.000000 0.000000 0.000000 0.000000
0 0.000000 0.000000 0.000000 0.000000 0.000000 0.000000 0.000000
0 0.000000 0.000000 0.000000 0.000000 0.000000 0.000000 0.000000
0 0.000000 0.000000 0.000000 0.000000 0.000000 0.000000 0.000000
0 0.000000 0.000000 0.000000 0.000000 0.000000 0.000000 0.000000
0 0.000000 0.000000 0.000000 0.000000 0.000000 0.000000 0.000000
0 0.000000 0.000000 0.000000 0.000000 0.000000 0.000000 0.000000
0 0.000000 0.000000 0.000000 0.000000 0.000000 0.000000 0.000000
0 0.000000 0.000000 0.000000 0.000000 0.000000 0.000000 0.000000
0 0.000000 0.000000 0.000000 0.000000 0.000000 0.000000 0.000000
0 0.000000 0.000000 0.000000 0.000000 0.000000 0.000000 0.000000
0 0.000000 0.000000 0.000000 0.000000 0.000000 0.000000 0.000000
0 0.000000 0.000000 0.000000 0.000000 0.000000 0.000000 0.000000
0 0.000000 0.000000 0.000000 0.000000 0.000000 0.000000 0.000000
0 0.000000 0.000000 0.000000 0.000000 0.000000 0.000000 0.000000
expr21
0.000000
0 0.000000 0.000000 0.000000 0.000000 0.000000 0.000000 0.000000
0 0.000000 0.000000 0.000000 0.000000 0.000000 0.000000 0.000000
0 0.000000 0.000000 0.000000 0.000000 0.000000 0.000000 0.000000
0 0.000000 0.000000 0.000000 0.000000 0.000000 0.000000 0.000000
0 0.000000 0.000000 0.000000 0.000000 0.000000 0.000000 0.000000
0 0.000000 0.000000 0.000000 0.000000 0.000000 0.000000 0.000000
0 0.000000 0.000000 0.000000 0.000000 0.000000 0.000000 0.000000
0 0.000000 0.000000 0.000000 0.000000 0.000000 0.000000 0.000000
0 0.000000 0.000000 0.000000 0.000000 0.000000 0.000000 0.000000
0 0.000000 0.000000 0.000000 0.000000 0.000000 0.000000 0.000000
0 0.000000 0.000000 0.000000 0.000000 0.000000 0.000000 0.000000
0 0.000000 0.000000 0.000000 0.000000 0.000000 0.000000 0.000000
0 0.000000 0.000000 0.000000 0.000000 0.000000 0.000000 0.000000
0 0.000000 0.000000 0.000000 0.000000 0.000000 0.000000 0.000000
0 0.000000 0.000000 0.000000 0.000000 0.000000 0.000000 0.000000
0 0.000000 0.000000 0.000000 0.000000 0.000000 0.000000 0.000000
expr22
0.000000
0 0.000000 0.000000 0.000000 0.000000 0.000000 0.000000 0.000000
0 0.000000 0.000000 0.000000 0.000000 0.000000 0.000000 0.000000
0 0.000000 0.000000 0.000000 0.000000 0.000000 0.000000 0.000000
0 0.000000 0.000000 0.000000 0.000000 0.000000 0.000000 0.000000
0 0.000000 0.000000 0.000000 0.000000 0.000000 0.000000 0.000000
0 0.000000 0.000000 0.000000 0.000000 0.000000 0.000000 0.000000
0 0.000000 0.000000 0.000000 0.000000 0.000000 0.000000 0.000000
0 0.000000 0.000000 0.000000 0.000000 0.000000 0.000000 0.000000
0 0.000000 0.000000 0.000000 0.000000 0.000000 0.000000 0.000000
0 0.000000 0.000000 0.000000 0.000000 0.000000 0.000000 0.000000
0 0.000000 0.000000 0.000000 0.000000 0.000000 0.000000 0.000000
0 0.000000 0.000000 0.000000 0.000000 0.000000 0.000000 0.000000
0 0.000000 0.000000 0.000000 0.000000 0.000000 0.000000 0.000000
0 0.000000 0.000000 0.000000 0.000000 0.000000 0.000000 0.000000
0 0.000000 0.000000 0.000000 0.000000 0.000000 0.000000 0.000000
0 0.000000 0.000000 0.000000 0.000000 0.000000 0.000000 0.000000
expr23
0.000000
0 0.000000 0.000000 0.000000 0.000000 0.000000 0.000000 0.000000
0 0.000000 0.000000 0.000000 0.000000 0.000000 0.000000 0.000000
0 0.000000 0.000000 0.000000 0.000000 0.000000 0.000000 0.000000
0 0.000000 0.000000 0.000000 0.000000 0.000000 0.000000 0.000000
0 0.000000 0.000000 0.000000 0.000000 0.000000 0.000000 0.000000
0 0.000000 0.000000 0.000000 0.000000 0.000000 0.000000 0.000000
0 0.000000 0.000000 0.000000 0.000000 0.000000 0.000000 0.000000
0 0.000000 0.000000 0.000000 0.000000 0.000000 0.000000 0.000000
0 0.000000 0.000000 0.000000 0.000000 0.000000 0.000000 0.000000
0 0.000000 0.000000 0.000000 0.000000 0.000000 0.000000 0.000000
0 0.000000 0.000000 0.000000 0.000000 0.000000 0.000000 0.000000
0 0.000000 0.000000 0.000000 0.000000 0.000000 0.000000 0.000000
0 0.000000 0.000000 0.000000 0.000000 0.000000 0.000000 0.000000
0 0.000000 0.000000 0.000000 0.000000 0.000000 0.000000 0.000000
0 0.000000 0.000000 0.000000 0.000000 0.000000 0.000000 0.000000
0 0.000000 0.000000 0.000000 0.000000 0.000000 0.000000 0.000000
expr24
0.000000
0 0.000000 0.000000 0.000000 0.000000 0.000000 0.000000 0.000000
0 0.000000 0.000000 0.000000 0.000000 0.000000 0.000000 0.000000
0 0.000000 0.000000 0.000000 0.000000 0.000000 0.000000 0.000000
0 0.000000 0.000000 0.000000 0.000000 0.000000 0.000000 0.000000
0 0.000000 0.000000 0.000000 0.000000 0.000000 0.000000 0.000000
0 0.000000 0.000000 0.000000 0.000000 0.000000 0.000000 0.000000
0 0.000000 0.000000 0.000000 0.000000 0.000000 0.000000 0.000000
0 0.000000 0.000000 0.000000 0.000000 0.000000 0.000000 0.000000
0 0.000000 0.000000 0.000000 0.000000 0.000000 0.000000 0.000000
0 0.000000 0.000000 0.000000 0.000000 0.000000 0.000000 0.000000
0 0.000000 0.000000 0.000000 0.000000 0.000000 0.000000 0.000000
0 0.000000 0.000000 0.000000 0.000000 0.000000 0.000000 0.000000
0 0.000000 0.000000 0.000000 0.000000 0.000000 0.000000 0.000000
0 0.000000 0.000000 0.000000 0.000000 0.000000 0.000000 0.000000
0 0.000000 0.000000 0.000000 0.000000 0.000000 0.000000 0.000000
0 0.000000 0.000000 0.000000 0.000000 0.000000 0.000000 0.000000
expr25
0.000000
0 0.000000 0.000000 0.000000 0.000000 0.000000 0.000000 0.000000
0 0.000000 0.000000 0.000000 0.000000 0.000000 0.000000 0.000000
0 0.000000 0.000000 0.000000 0.000000 0.000000 0.000000 0.000000
0 0.000000 0.000000 0.000000 0.000000 0.000000 0.000000 0.000000
0 0.000000 0.000000 0.000000 0.000000 0.000000 0.000000 0.000000
0 0.000000 0.000000 0.000000 0.000000 0.000000 0.000000 0.000000
0 0.000000 0.000000 0.000000 0.000000 0.000000 0.000000 0.000000
0 0.000000 0.000000 0.000000 0.000000 0.000000 0.000000 0.000000
0 0.000000 0.000000 0.000000 0.000000 0.000000 0.000000 0.000000
0 0.000000 0.000000 0.000000 0.000000 0.000000 0.000000 0.000000
0 0.000000 0.000000 0.000000 0.000000 0.000000 0.000000 0.000000
0 0.000000 0.000000 0.000000 0.000000 0.000000 0.000000 0.000000
0 0.000000 0.000000 0.000000 0.000000 0.000000 0.000000 0.000000
0 0.000000 0.000000 0.000000 0.000000 0.000000 0.000000 0.000000
0 0.000000 0.000000 0.000000 0.000000 0.000000 0.000000 0.000000
0 0.000000 0.000000 0.000000 0.000000 0.000000 0.000000 0.000000
expr26
0.000000
0 0.000000 0.000000 0.000000 0.000000 0.000000 0.000000 0.000000
0 0.000000 0.000000 0.000000 0.000000 0.000000 0.000000 0.000000
0 0.000000 0.000000 0.000000 0.000000 0.000000 0.000000 0.000000
0 0.000000 0.000000 0.000000 0.000000 0.000000 0.000000 0.000000
0 0.000000 0.000000 0.000000 0.000000 0.000000 0.000000 0.000000
0 0.000000 0.000000 0.000000 0.000000 0.000000 0.000000 0.000000
0 0.000000 0.000000 0.000000 0.000000 0.000000 0.000000 0.000000
0 0.000000 0.000000 0.000000 0.000000 0.000000 0.000000 0.000000
0 0.000000 0.000000 0.000000 0.000000 0.000000 0.000000 0.000000
0 0.000000 0.000000 0.000000 0.000000 0.000000 0.000000 0.000000
0 0.000000 0.000000 0.000000 0.000000 0.000000 0.000000 0.000000
0 0.000000 0.000000 0.000000 0.000000 0.000000 0.000000 0.000000
0 0.000000 0.000000 0.000000 0.000000 0.000000 0.000000 0.000000
0 0.000000 0.000000 0.000000 0.000000 0.000000 0.000000 0.000000
0 0.000000 0.000000 0.000000 0.000000 0.000000 0.000000 0.000000
0 0.000000 0.000000 0.000000 0.000000 0.000000 0.000000 0.000000
expr27
0.000000
0 0.000000 0.000000 0.000000 0.000000 0.000000 0.000000 0.000000
0 0.000000 0.000000 0.000000 0.000000 0.000000 0.000000 0.000000
0 0.000000 0.000000 0.000000 0.000000 0.000000 0.000000 0.000000
0 0.000000 0.000000 0.000000 0.000000 0.000000 0.000000 0.000000
0 0.000000 0.000000 0.000000 0.000000 0.000000 0.000000 0.000000
0 0.000000 0.000000 0.000000 0.000000 0.000000 0.000000 0.000000
0 0.000000 0.000000 0.000000 0.000000 0.000000 0.000000 0.000000
0 0.000000 0.000000 0.000000 0.000000 0.000000 0.000000 0.000000
0 0.000000 0.000000 0.000000 0.000000 0.000000 0.000000 0.000000
0 0.000000 0.000000 0.000000 0.000000 0.000000 0.000000 0.000000
0 0.000000 0.000000 0.000000 0.000000 0.000000 0.000000 0.000000
0 0.000000 0.000000 0.000000 0.000000 0.000000 0.000000 0.000000
0 0.000000 0.000000 0.000000 0.000000 0.000000 0.000000 0.000000
0 0.000000 0.000000 0.000000 0.000000 0.000000 0.000000 0.000000
0 0.000000 0.000000 0.000000 0.000000 0.000000 0.000000 0.000000
0 0.000000 0.000000 0.000000 0.000000 0.000000 0.000000 0.000000
expr28
0.000000
0 0.000000 0.000000 0.000000 0.000000 0.000000 0.000000 0.000000
0 0.000000 0.000000 0.000000 0.000000 0.000000 0.000000 0.000000
0 0.000000 0.000000 0.000000 0.000000 0.000000 0.000000 0.000000
0 0.000000 0.000000 0.000000 0.000000 0.000000 0.000000 0.000000
0 0.000000 0.000000 0.000000 0.000000 0.000000 0.000000 0.000000
0 0.000000 0.000000 0.000000 0.000000 0.000000 0.000000 0.000000
0 0.000000 0.000000 0.000000 0.000000 0.000000 0.000000 0.000000
0 0.000000 0.000000 0.000000 0.000000 0.000000 0.000000 0.000000
0 0.000000 0.000000 0.000000 0.000000 0.000000 0.000000 0.000000
0 0.000000 0.000000 0.000000 0.000000 0.000000 0.000000 0.000000
0 0.000000 0.000000 0.000000 0.000000 0.000000 0.000000 0.000000
0 0.000000 0.000000 0.000000 0.000000 0.000000 0.000000 0.000000
0 0.000000 0.000000 0.000000 0.000000 0.000000 0.000000 0.000000
0 0.000000 0.000000 0.000000 0.000000 0.000000 0.000000 0.000000
0 0.000000 0.000000 0.000000 0.000000 0.000000 0.000000 0.000000
0 0.000000 0.000000 0.000000 0.000000 0.000000 0.000000 0.000000
expr29
0.000000
0 0.000000 0.000000 0.000000 0.000000 0.000000 0.000000 0.000000
0 0.000000 0.000000 0.000000 0.000000 0.000000 0.000000 0.000000
0 0.000000 0.000000 0.000000 0.000000 0.000000 0.000000 0.000000
0 0.000000 0.000000 0.000000 0.000000 0.000000 0.000000 0.000000
0 0.000000 0.000000 0.000000 0.000000 0.000000 0.000000 0.000000
0 0.000000 0.000000 0.000000 0.000000 0.000000 0.000000 0.000000
0 0.000000 0.000000 0.000000 0.000000 0.000000 0.000000 0.000000
0 0.000000 0.000000 0.000000 0.000000 0.000000 0.000000 0.000000
0 0.000000 0.000000 0.000000 0.000000 0.000000 0.000000 0.000000
0 0.000000 0.000000 0.000000 0.000000 0.000000 0.000000 0.000000
0 0.000000 0.000000 0.000000 0.000000 0.000000 0.000000 0.000000
0 0.000000 0.000000 0.000000 0.000000 0.000000 0.000000 0.000000
0 0.000000 0.000000 0.000000 0.000000 0.000000 0.000000 0.000000
0 0.000000 0.000000 0.000000 0.000000 0.000000 0.000000 0.000000
0 0.000000 0.000000 0.000000 0.000000 0.000000 0.000000 0.000000
0 0.000000 0.000000 0.000000 0.000000 0.000000 0.000000 0.000000
expr30
0.000000
0 0.000000 0.000000 0.000000 0.000000 0.000000 0.000000 0.000000
0 0.000000 0.000000 0.000000 0.000000 0.000000 0.000000 0.000000
0 0.000000 0.000000 0.000000 0.000000 0.000000 0.000000 0.000000
0 0.000000 0.000000 0.000000 0.000000 0.000000 0.000000 0.000000
0 0.000000 0.000000 0.000000 0.000000 0.000000 0.000000 0.000000
0 0.000000 0.000000 0.000000 0.000000 0.000000 0.000000 0.000000
0 0.000000 0.000000 0.000000 0.000000 0.000000 0.000000 0.000000
0 0.000000 0.000000 0.000000 0.000000 0.000000 0.000000 0.000000
0 0.000000 0.000000 0.000000 0.000000 0.000000 0.000000 0.000000
0 0.000000 0.000000 0.000000 0.000000 0.000000 0.000000 0.000000
0 0.000000 0.000000 0.000000 0.000000 0.000000 0.000000 0.000000
0 0.000000 0.000000 0.000000 0.000000 0.000000 0.000000 0.000000
0 0.000000 0.000000 0.000000 0.000000 0.000000 0.000000 0.000000
0 0.000000 0.000000 0.000000 0.000000 0.000000 0.000000 0.000000
0 0.000000 0.000000 0.000000 0.000000 0.000000 0.000000 0.000000
0 0.000000 0.000000 0.000000 0.000000 0.000000 0.000000 0.000000
expr31
0.000000
0 0.000000 0.000000 0.000000 0.000000 0.000000 0.000000 0.000000
0 0.000000 0.000000 0.000000 0.000000 0.000000 0.000000 0.000000
0 0.000000 0.000000 0.000000 0.000000 0.000000 0.000000 0.000000
0 0.000000 0.000000 0.000000 0.000000 0.000000 0.000000 0.000000
0 0.000000 0.000000 0.000000 0.000000 0.000000 0.000000 0.000000
0 0.000000 0.000000 0.000000 0.000000 0.000000 0.000000 0.000000
0 0.000000 0.000000 0.000000 0.000000 0.000000 0.000000 0.000000
0 0.000000 0.000000 0.000000 0.000000 0.000000 0.000000 0.000000
0 0.000000 0.000000 0.000000 0.000000 0.000000 0.000000 0.000000
0 0.000000 0.000000 0.000000 0.000000 0.000000 0.000000 0.000000
0 0.000000 0.000000 0.000000 0.000000 0.000000 0.000000 0.000000
0 0.000000 0.000000 0.000000 0.000000 0.000000 0.000000 0.000000
0 0.000000 0.000000 0.000000 0.000000 0.000000 0.000000 0.000000
0 0.000000 0.000000 0.000000 0.000000 0.000000 0.000000 0.000000
0 0.000000 0.000000 0.000000 0.000000 0.000000 0.000000 0.000000
0 0.000000 0.000000 0.000000 0.000000 0.000000 0.000000 0.000000
