-0.563702 -0.367229 -0.115957
1.89528 2.13944 2.30883
0.21726 0.343811 0.533289
1.89009 2.15664 2.35578
0.668943 0.82991 1.09738
1.51418 1.70415 1.87965
0.825255 1.00244 1.2988
0.497838 0.817634 1.08807
0.68088 0.918631 1.2688
-0.281931 0.11608 0.338828
0.450003 0.682146 0.990498
-0.718739 -0.338768 -0.147043
0.127411 0.256293 0.42435
-0.894092 -0.637931 -0.468496
-0.438285 -0.249277 -0.151283
-0.880335 -0.632404 -0.483524
-1.11475 -0.670931 -0.495617
-0.614055 -0.337367 -0.118397
-1.36728 -0.907913 -0.736338
-0.222897 0.1263 0.360016
-1.37457 -0.995698 -0.794169
0.445507 0.824748 1.04752
-1.09256 -0.837269 -0.621975
1.36821 1.68819 1.88782
