64
-5.9656
2.59127
-5.7667
2.39837
-5.55128
2.2605
-5.2804
2.13187
-4.94537
2.01312
-4.57576
1.91121
-4.18577
1.8179
-3.77025
1.73018
-3.36543
1.64241
-2.99079
1.55064
-2.66008
1.45542
-2.3936
1.34522
-2.22795
1.21909
-2.16721
1.07446
-2.19181
0.920138
-2.28021
0.763142
-2.3889
0.600339
-2.50953
0.440081
-2.59634
0.270616
-2.66643
0.0969207
-2.70791
-0.081398
-2.72999
-0.262277
-2.71345
-0.448441
-2.64944
-0.632892
-2.53717
-0.81432
-2.35905
-0.987444
-2.11181
-1.14754
-1.80783
-1.28795
-1.45189
-1.39752
-1.04893
-1.4827
-0.624074
-1.53527
-0.180897
-1.56557
0.262874
-1.5623
0.691207
-1.52721
1.0992
-1.46487
1.47538
-1.37361
1.80872
-1.2556
2.08898
-1.11601
2.30822
-0.953796
2.47043
-0.780098
2.57753
-0.597708
2.62789
-0.412711
2.63834
-0.228437
2.62718
-0.0504074
2.57597
0.131773
2.50033
0.309429
2.39534
0.484217
2.27072
0.648159
2.16966
0.80923
2.09903
0.970815
2.08187
1.12637
2.17575
1.26586
2.38687
1.3887
2.66639
1.49502
3.0146
1.58663
3.3948
1.67677
3.78407
1.76334
4.1735
1.85251
4.54309
1.95267
4.88477
2.06516
5.17736
2.19378
5.41983
2.34137
5.61613
2.50014
5.76928
2.65414
